2693 32
31 30 29 28 27 26 25 24 23 22 21 20 19 18 17 16 15 14 13 12 11 10 9 8 7 1 2 3 4 5 6 0 
35 16 1 0
66 17 35 0
67 18 66 0
68 19 67 0
69 20 68 0
70 21 69 0
71 22 70 0
72 23 71 0
73 24 72 0
74 30 73 0
75 29 74 0
2 0 0 1
114 1 1 2
3 0 1 0
115 1 3 1
116 2 114 115
117 2 1 114
118 3 116 117
119 4 1 118
5 1 1 0
694 2 1 5
695 3 116 694
696 4 1 695
894 23 696 0
895 24 119 894
1469 23 119 0
1470 24 119 1469
2637 29 895 1470
2638 28 75 2637
13 5 1 0
77 6 0 13
12 5 0 1
78 6 12 0
79 7 77 78
80 6 0 12
81 7 0 80
82 8 79 81
83 9 0 82
84 16 0 83
85 17 83 84
86 16 83 0
87 17 86 83
88 18 85 87
89 18 83 85
90 19 88 89
91 20 83 90
92 5 3 0
93 6 0 92
94 5 0 3
95 6 94 0
96 7 93 95
97 6 0 94
98 7 0 97
99 8 96 98
100 9 0 99
101 10 0 100
102 11 0 101
103 12 0 102
104 13 0 103
105 14 0 104
106 16 105 0
107 17 106 0
108 17 0 106
109 18 107 108
110 18 106 107
111 19 109 110
112 20 106 111
113 21 91 112
120 5 119 0
121 6 0 120
122 5 0 119
123 6 122 0
124 7 121 123
125 6 0 122
126 7 0 125
127 8 124 126
128 9 0 127
129 21 128 112
130 22 113 129
131 15 0 83
132 10 0 128
133 11 0 132
134 12 0 133
135 13 0 134
136 14 0 135
137 16 0 136
138 17 136 137
139 16 136 0
140 17 139 136
141 18 138 140
142 18 136 138
143 19 141 142
144 20 136 143
145 21 131 144
146 15 0 128
147 21 146 144
148 22 145 147
149 23 130 148
150 24 149 0
631 7 77 0
632 8 631 81
633 9 0 632
1041 15 83 633
1042 17 1041 633
1043 18 1042 633
1044 19 1043 633
1045 20 1044 633
1046 21 1045 633
1047 11 128 132
1048 10 128 0
1049 11 1048 128
1050 12 1047 1049
1051 12 128 1047
1052 13 1050 1051
1053 14 128 1052
1054 7 121 0
1055 8 1054 126
1056 9 0 1055
1057 10 0 1056
1058 11 1056 1057
1059 10 1056 0
1060 11 1059 1056
1061 12 1058 1060
1062 12 1056 1058
1063 13 1061 1062
1064 14 1056 1063
1065 15 1053 1064
1066 17 1065 1064
1067 18 1066 1064
1068 19 1067 1064
1069 20 1068 1064
1070 21 1069 1064
1071 22 1046 1070
1072 22 633 1064
1073 23 1071 1072
2164 22 0 1064
2165 23 0 2164
2166 22 0 1070
2167 23 2166 2164
2168 24 2165 2167
2425 30 1073 2168
2426 29 150 2425
1474 10 83 633
1475 12 1474 633
1476 13 1475 633
1477 14 1476 633
1478 16 1477 633
1479 17 1478 633
1480 18 1479 633
1481 19 1480 633
1482 20 1481 633
1483 5 696 0
1484 6 0 1483
1485 7 1484 0
1486 5 0 696
1487 6 0 1486
1488 7 0 1487
1489 8 1485 1488
1490 9 0 1489
1491 10 1490 0
1492 11 1491 0
1493 7 0 78
1494 8 1493 0
1495 9 0 1494
1496 10 1495 0
1497 11 1491 1496
1498 13 1497 1492
1499 14 1492 1498
1500 11 1059 0
1501 12 1500 0
1502 13 1501 0
1503 14 1502 0
1504 15 1499 1503
1505 11 0 1496
1506 13 1505 0
1507 14 0 1506
1508 15 1507 0
1509 16 1508 1504
1510 17 1504 1509
1511 16 1504 1508
1512 17 1511 1504
1513 18 1510 1512
1514 18 1504 1510
1515 19 1513 1514
1516 20 1504 1515
1517 21 1482 1516
1518 10 128 1056
1519 12 1518 1056
1520 13 1519 1056
1521 14 1520 1056
1522 16 1521 1056
1523 17 1522 1056
1524 18 1523 1056
1525 19 1524 1056
1526 20 1525 1056
1527 7 0 123
1528 8 1527 0
1529 9 0 1528
1530 10 1529 0
1531 11 1491 1530
1532 13 1531 1492
1533 14 1492 1532
1534 15 1533 1503
1535 11 0 1530
1536 13 1535 0
1537 14 0 1536
1538 15 1537 0
1539 16 1538 1534
1540 17 1534 1539
1541 16 1534 1538
1542 17 1541 1534
1543 18 1540 1542
1544 18 1534 1540
1545 19 1543 1544
1546 20 1534 1545
1547 21 1526 1546
1548 22 1517 1547
1549 11 1059 1530
1550 13 1549 1500
1551 14 1500 1550
1552 15 1551 1503
1553 16 1538 1552
1554 17 1552 1553
1555 16 1552 1538
1556 17 1555 1552
1557 18 1554 1556
1558 18 1552 1554
1559 19 1557 1558
1560 20 1552 1559
1561 21 1526 1560
1562 23 1548 1561
1563 11 1474 633
1564 12 1563 633
1565 14 1564 633
1566 15 1565 633
1567 16 1566 633
1568 17 1567 633
1569 18 1568 633
1570 19 1569 633
1571 20 1570 633
1572 21 1571 633
1573 11 1518 1056
1574 12 1573 1056
1575 14 1574 1056
1576 15 1575 1056
1577 16 1576 1056
1578 17 1577 1056
1579 18 1578 1056
1580 19 1579 1056
1581 20 1580 1056
1582 21 1581 1056
1583 22 1572 1582
1584 23 1583 1582
1585 24 1562 1584
2451 12 1497 1492
2452 13 2451 1492
2453 14 1492 2452
2454 15 2453 1503
1604 12 1505 0
1605 13 1604 0
1606 14 0 1605
1607 15 1606 0
2455 16 1607 2454
2456 17 2454 2455
2457 16 2454 1607
2458 17 2457 2454
2459 18 2456 2458
2460 18 2454 2456
2461 19 2459 2460
2462 20 2454 2461
2463 21 1482 2462
2464 12 1531 1492
2465 13 2464 1492
2466 14 1492 2465
2467 15 2466 1503
2468 12 1535 0
2469 13 2468 0
2470 14 0 2469
2471 15 2470 0
2472 16 2471 2467
2473 17 2467 2472
2474 16 2467 2471
2475 17 2474 2467
2476 18 2473 2475
2477 18 2467 2473
2478 19 2476 2477
2479 20 2467 2478
2480 21 1526 2479
2481 22 2463 2480
2482 12 1549 1500
2483 13 2482 1500
2484 14 1500 2483
2485 15 2484 1503
2486 16 2471 2485
2487 17 2485 2486
2488 16 2485 2471
2489 17 2488 2485
2490 18 2487 2489
2491 18 2485 2487
2492 19 2490 2491
2493 20 2485 2492
2494 21 1526 2493
2495 23 2481 2494
2496 13 1563 633
2497 14 2496 633
2498 15 2497 633
2499 16 2498 633
2500 17 2499 633
2501 18 2500 633
2502 19 2501 633
2503 20 2502 633
2504 21 2503 633
2505 13 1573 1056
2506 14 2505 1056
2507 15 2506 1056
2508 16 2507 1056
2509 17 2508 1056
2510 18 2509 1056
2511 19 2510 1056
2512 20 2511 1056
2513 21 2512 1056
2514 22 2504 2513
2515 23 2514 2513
2516 24 2495 2515
2639 30 1585 2516
2640 29 0 2639
2641 28 2426 2640
2642 27 2638 2641
18 8 0 1
155 9 18 1
156 13 155 0
157 14 156 1
158 15 1 157
30 14 0 1
29 13 1 0
159 14 29 1
160 15 159 157
161 16 30 160
162 17 158 161
163 15 30 157
164 16 163 30
165 17 164 163
166 18 162 165
167 15 1 30
168 16 30 163
169 17 160 168
170 18 167 169
171 19 166 170
172 15 1 159
28 13 0 1
173 14 28 1
174 15 173 159
175 16 172 174
176 15 159 30
177 16 176 159
178 17 175 177
179 15 30 159
180 15 30 173
181 15 30 1
182 16 180 181
183 17 179 182
184 18 178 183
185 15 1 173
186 15 159 1
187 16 185 186
188 17 1 187
189 16 180 30
190 17 30 189
191 18 188 190
192 19 184 191
193 20 171 192
25 11 1 0
194 12 25 1
23 10 1 0
195 11 23 1
196 12 0 195
197 13 194 196
27 12 1 0
198 12 1 25
199 13 27 198
200 14 197 199
22 10 0 1
201 11 1 22
202 12 201 0
203 11 0 22
204 12 0 203
205 13 202 204
206 10 119 0
207 11 206 0
208 12 207 0
209 13 0 208
210 14 205 209
211 15 200 210
212 13 202 0
213 14 212 209
214 15 200 213
215 16 211 214
216 17 215 214
217 18 216 214
218 13 201 0
219 14 218 209
220 15 200 219
221 19 217 220
222 14 218 0
223 15 200 222
224 20 221 223
225 21 193 224
226 16 30 159
227 17 172 226
228 16 179 30
229 17 228 179
230 18 227 229
231 16 30 179
232 17 159 231
233 18 167 232
234 19 230 233
235 15 173 1
236 16 1 235
237 17 236 177
238 18 237 183
239 17 180 189
240 18 188 239
241 19 238 240
242 20 234 241
243 11 23 0
244 12 0 243
245 13 194 244
246 12 195 25
247 13 27 246
248 14 245 247
249 15 248 219
250 15 248 222
251 20 249 250
252 21 242 251
253 22 225 252
254 15 159 173
255 16 254 186
256 17 236 255
257 17 159 182
258 18 256 257
259 19 258 240
260 20 234 259
261 21 260 251
262 16 159 172
263 17 262 226
264 18 263 229
265 19 264 233
266 16 186 159
267 17 266 182
268 18 256 267
269 16 185 254
270 17 185 269
271 18 270 239
272 19 268 271
273 20 265 272
274 12 0 201
275 13 274 0
276 14 275 209
277 15 248 276
278 14 275 0
279 15 248 278
280 20 277 279
281 21 273 280
282 22 261 281
283 23 253 282
284 6 1 13
285 7 1 284
286 8 1 285
287 9 1 286
288 6 13 1
289 7 284 288
290 8 285 289
291 9 286 290
292 10 287 291
293 10 1 287
294 17 292 293
295 18 294 0
296 19 295 0
297 15 29 0
298 20 296 297
24 11 0 1
299 12 24 23
300 13 1 299
11 4 1 0
301 9 11 0
302 11 301 0
303 12 301 302
304 13 303 198
305 14 300 304
306 1 3 0
307 2 306 0
308 3 307 0
309 4 308 0
310 14 29 309
311 15 305 310
312 12 195 243
313 13 1 312
314 14 313 304
315 1 2 0
316 2 315 0
317 3 316 0
318 4 317 0
319 14 0 318
320 15 314 319
321 16 311 320
322 1 0 3
323 2 322 0
324 3 323 0
325 4 324 0
326 14 0 325
327 15 314 326
328 1 0 2
329 2 328 0
330 3 329 0
331 4 330 0
332 14 0 331
333 15 314 332
334 16 327 333
335 17 321 334
336 2 0 306
337 3 336 0
338 4 337 0
339 14 0 338
340 15 314 339
341 2 0 315
342 3 341 0
343 4 342 0
344 14 0 343
345 15 314 344
346 16 340 345
347 2 0 322
348 3 347 0
349 4 348 0
350 14 0 349
351 15 314 350
352 2 0 328
353 3 352 0
354 4 353 0
355 14 29 354
356 15 314 355
357 16 351 356
358 17 346 357
359 18 335 358
360 3 0 307
361 4 360 0
362 14 28 361
363 15 314 362
364 3 0 316
365 4 364 0
366 14 0 365
367 15 314 366
368 16 363 367
369 3 0 323
370 4 369 0
371 14 0 370
372 15 314 371
373 3 0 329
374 4 373 0
375 14 0 374
376 15 314 375
377 16 372 376
378 17 368 377
379 3 0 336
380 4 379 0
381 14 0 380
382 15 314 381
383 3 0 341
384 4 383 0
385 14 0 384
386 15 314 385
387 16 382 386
388 3 0 347
389 4 388 0
390 14 0 389
391 15 314 390
392 3 0 352
393 4 392 0
394 14 0 393
395 15 314 394
396 16 391 395
397 17 387 396
398 18 378 397
399 19 359 398
400 13 0 198
401 14 313 400
402 4 0 308
403 14 0 402
404 15 401 403
405 4 0 317
406 14 0 405
407 15 401 406
408 16 404 407
409 4 0 324
410 14 0 409
411 15 401 410
412 4 0 330
413 14 0 412
414 15 401 413
415 16 411 414
416 17 408 415
417 10 301 0
418 11 417 0
419 12 418 0
420 13 419 198
421 14 313 420
422 4 0 337
423 14 0 422
424 15 421 423
425 4 0 342
426 14 0 425
427 15 401 426
428 16 424 427
429 4 0 348
430 14 0 429
431 15 401 430
432 4 0 353
433 14 0 432
434 15 401 433
435 16 431 434
436 17 428 435
437 18 416 436
438 12 195 23
439 13 1 438
440 14 439 400
441 4 0 360
442 14 0 441
443 15 440 442
444 4 0 364
445 14 0 444
446 15 401 445
447 16 443 446
448 4 0 369
449 14 0 448
450 15 401 449
451 4 0 373
452 14 0 451
453 15 401 452
454 16 450 453
455 17 447 454
456 4 0 379
457 14 0 456
458 15 401 457
459 4 0 383
460 14 0 459
461 15 401 460
462 16 458 461
463 4 0 388
464 14 0 463
465 15 401 464
466 4 0 392
467 14 0 466
468 15 401 467
469 16 465 468
470 17 462 469
471 18 455 470
472 19 437 471
473 20 399 472
474 21 298 473
475 14 0 29
476 15 1 475
477 20 296 476
478 21 477 473
479 22 474 478
480 12 1 24
481 13 480 299
482 14 481 304
483 15 482 310
484 13 480 312
485 14 484 304
486 15 485 319
487 16 483 486
488 15 485 326
489 15 485 332
490 16 488 489
491 17 487 490
492 15 485 339
493 15 485 344
494 16 492 493
495 15 485 350
496 15 485 355
497 16 495 496
498 17 494 497
499 18 491 498
500 15 485 362
501 15 485 366
502 16 500 501
503 15 485 371
504 15 485 375
505 16 503 504
506 17 502 505
507 15 485 381
508 15 485 385
509 16 507 508
510 15 485 390
511 15 485 394
512 16 510 511
513 17 509 512
514 18 506 513
515 19 499 514
516 14 484 400
517 15 516 403
518 15 516 406
519 16 517 518
520 15 516 410
521 15 516 413
522 16 520 521
523 17 519 522
524 14 484 420
525 15 524 423
526 15 516 426
527 16 525 526
528 15 516 430
529 15 516 433
530 16 528 529
531 17 527 530
532 18 523 531
533 13 480 438
534 14 533 400
535 15 534 442
536 15 516 445
537 16 535 536
538 15 516 449
539 15 516 452
540 16 538 539
541 17 537 540
542 15 516 457
543 15 516 460
544 16 542 543
545 15 516 464
546 15 516 467
547 16 545 546
548 17 544 547
549 18 541 548
550 19 532 549
551 20 515 550
552 21 477 551
553 13 0 299
554 14 553 304
555 15 554 310
556 13 0 312
557 14 556 304
558 15 557 319
559 16 555 558
560 15 557 326
561 15 557 332
562 16 560 561
563 17 559 562
564 15 557 339
565 15 557 344
566 16 564 565
567 15 557 350
568 15 557 355
569 16 567 568
570 17 566 569
571 18 563 570
572 15 557 362
573 15 557 366
574 16 572 573
575 15 557 371
576 15 557 375
577 16 575 576
578 17 574 577
579 15 557 381
580 15 557 385
581 16 579 580
582 15 557 390
583 15 557 394
584 16 582 583
585 17 581 584
586 18 578 585
587 19 571 586
588 14 556 400
589 15 588 403
590 15 588 406
591 16 589 590
592 15 588 410
593 15 588 413
594 16 592 593
595 17 591 594
596 14 556 420
597 15 596 423
598 15 588 426
599 16 597 598
600 15 588 430
601 15 588 433
602 16 600 601
603 17 599 602
604 18 595 603
605 13 0 438
606 14 605 400
607 15 606 442
608 15 588 445
609 16 607 608
610 15 588 449
611 15 588 452
612 16 610 611
613 17 609 612
614 15 588 457
615 15 588 460
616 16 614 615
617 15 588 464
618 15 588 467
619 16 617 618
620 17 616 619
621 18 613 620
622 19 604 621
623 20 587 622
624 21 477 623
625 22 552 624
626 23 479 625
627 24 283 626
1675 14 29 0
1676 15 0 1675
1677 17 0 1676
1678 18 1677 0
31 14 1 0
1679 15 0 31
1680 17 1679 1676
1681 18 1680 0
1682 19 1678 1681
1683 16 1676 1679
1684 17 1683 1676
1685 14 28 0
1686 15 0 1685
1687 17 1679 1686
1688 18 1684 1687
1689 17 1676 0
1690 18 1676 1689
1691 19 1688 1690
1692 20 1682 1691
1693 12 24 0
1694 13 1693 0
1695 14 1694 0
807 11 1 23
859 12 0 807
1696 13 0 859
1697 14 0 1696
1698 15 1695 1697
1699 21 1692 1698
1700 17 1686 0
1701 18 1677 1700
1702 19 1701 1681
1703 20 1702 1691
1704 21 1703 1698
1705 22 1699 1704
1706 17 1686 1676
1707 18 1706 1700
1708 19 1707 1681
1709 20 1708 1691
1710 21 1709 1698
1711 22 1710 1704
1712 23 1705 1711
1713 12 0 24
1714 13 0 1713
1715 14 0 1714
1716 15 0 1715
1717 14 0 28
1718 15 0 1717
1719 19 1716 1718
1720 20 1719 1718
1721 21 1720 0
1722 21 1718 0
1723 22 1721 1722
1724 23 1723 1722
1725 24 1712 1724
1950 30 627 1725
1078 4 1 308
1079 9 1 1078
1080 14 0 1079
1081 15 1080 0
1082 4 1 317
1083 9 1 1082
1084 14 0 1083
1085 15 1084 0
1086 16 1081 1085
1087 4 1 324
1088 9 1 1087
1089 14 0 1088
1090 15 1089 0
1091 4 1 330
1092 9 1 1091
1093 14 0 1092
1094 15 1093 0
1095 16 1090 1094
1096 17 1086 1095
1097 4 1 337
1098 9 1 1097
1099 14 0 1098
1100 15 1099 0
1101 4 1 342
1102 9 1 1101
1103 14 0 1102
1104 15 1103 0
1105 16 1100 1104
1106 4 1 348
1107 9 1 1106
1108 14 0 1107
1109 15 1108 0
1110 4 1 353
1111 9 1 1110
1112 14 0 1111
1113 15 1112 0
1114 16 1109 1113
1115 17 1105 1114
1116 18 1096 1115
1117 4 1 360
1118 9 1 1117
1119 14 0 1118
1120 15 1119 0
1121 4 1 364
1122 9 1 1121
1123 14 0 1122
1124 15 1123 0
1125 16 1120 1124
1126 4 1 369
1127 9 1 1126
1128 14 0 1127
1129 15 1128 0
1130 4 1 373
1131 9 1 1130
1132 14 0 1131
1133 15 1132 0
1134 16 1129 1133
1135 17 1125 1134
1136 4 1 379
1137 9 1 1136
1138 14 0 1137
1139 15 1138 0
1140 4 1 383
1141 9 1 1140
1142 14 0 1141
1143 15 1142 0
1144 16 1139 1143
1145 4 1 388
1146 9 1 1145
1147 14 0 1146
1148 15 1147 0
1149 4 1 392
1150 9 1 1149
1151 14 0 1150
1152 15 1151 0
1153 16 1148 1152
1154 17 1144 1153
1155 18 1135 1154
1156 19 1116 1155
1157 20 1156 0
1158 9 119 0
1159 14 1158 29
1160 15 0 1159
1161 15 0 475
1162 16 1160 1161
1163 16 0 1161
1164 17 1162 1163
1165 14 0 301
1166 15 1165 475
1167 18 1164 1166
1168 15 1165 0
1169 18 1166 1168
1170 19 1167 1169
1171 16 1166 1168
1172 17 1171 1168
1173 18 1172 1168
1174 20 1170 1173
1175 21 1157 1174
10 4 0 1
1176 5 10 1
1177 6 1176 1
1178 7 1177 1
1179 8 1178 1
1180 9 1179 0
1181 14 0 1180
1182 15 1181 0
1183 5 1 10
1184 6 1183 1
1185 7 1184 1
1186 8 1185 1
1187 9 1186 0
1188 14 0 1187
1189 15 1188 0
1190 16 1182 1189
1191 6 1 1176
1192 7 1191 1
1193 8 1192 1
1194 9 1193 0
1195 14 0 1194
1196 15 1195 0
1197 6 1 1183
1198 7 1197 1
1199 8 1198 1
1200 9 1199 0
1201 14 0 1200
1202 15 1201 0
1203 16 1196 1202
1204 17 1190 1203
1205 7 1 1177
1206 8 1205 1
1207 9 1206 0
1208 14 0 1207
1209 15 1208 0
1210 7 1 1184
1211 8 1210 1
1212 9 1211 0
1213 14 0 1212
1214 15 1213 0
1215 16 1209 1214
1216 7 1 1191
1217 8 1216 1
1218 9 1217 0
1219 14 0 1218
1220 15 1219 0
1221 7 1 1197
1222 8 1221 1
1223 9 1222 0
1224 14 0 1223
1225 15 1224 0
1226 16 1220 1225
1227 17 1215 1226
1228 18 1204 1227
1229 8 1 1178
1230 9 1229 0
1231 14 0 1230
1232 15 1231 0
1233 8 1 1185
1234 9 1233 0
1235 14 0 1234
1236 15 1235 0
1237 16 1232 1236
1238 8 1 1192
1239 9 1238 0
1240 14 0 1239
1241 15 1240 0
1242 8 1 1198
1243 9 1242 0
1244 14 0 1243
1245 15 1244 0
1246 16 1241 1245
1247 17 1237 1246
1248 8 1 1205
1249 9 1248 0
1250 14 0 1249
1251 15 1250 0
1252 8 1 1210
1253 9 1252 0
1254 14 0 1253
1255 15 1254 0
1256 16 1251 1255
1257 8 1 1216
1258 9 1257 0
1259 14 0 1258
1260 15 1259 0
1261 8 1 1221
1262 9 1261 0
1263 14 0 1262
1264 15 1263 0
1265 16 1260 1264
1266 17 1256 1265
1267 18 1247 1266
1268 19 1228 1267
1269 20 1268 0
1270 14 1158 1
1271 15 1165 1270
1272 15 1165 30
1273 16 1271 1272
1274 16 1168 1272
1275 17 1273 1274
1276 18 1275 1272
1277 19 1276 1169
1278 16 1272 1166
1279 17 1278 1168
1280 18 1279 1168
1281 19 1173 1280
1282 20 1277 1281
1283 21 1269 1282
1284 22 1175 1283
21 9 1 0
1285 14 0 21
1286 15 1285 0
1287 20 1286 0
1288 15 0 1270
1289 15 0 30
1290 16 1288 1289
1291 16 0 1289
1292 17 1290 1291
1293 18 1292 1272
1294 19 1293 1169
1295 20 1294 1281
1296 21 1287 1295
1297 21 0 1282
1298 22 1296 1297
1299 23 1284 1298
1300 24 0 1299
2173 12 25 0
835 12 243 0
2174 13 2173 835
2175 14 2174 0
2176 15 2175 0
2177 21 0 2176
2178 16 1676 0
2179 17 2178 0
2180 18 2179 0
2181 19 2180 0
2182 20 0 2181
2183 21 2182 2176
2184 22 2177 2183
2185 23 2184 2183
2186 12 807 0
2187 13 2186 0
2188 13 1 11
2189 14 2187 2188
2190 15 2189 31
2191 15 2189 1685
2192 16 2190 2191
2193 17 2190 2192
2194 15 2189 1675
2195 16 2190 2194
2196 17 2195 2190
2197 18 2193 2196
2198 15 2189 0
2199 16 2194 2198
2200 17 2199 2198
2201 16 2198 2190
2202 17 2201 2198
2203 18 2200 2202
2204 19 2197 2203
2205 13 2186 1
2206 14 2205 2188
2207 15 2206 0
2208 13 2186 11
2209 14 2208 2188
2210 15 2209 1685
2211 16 2210 2191
2212 17 2207 2211
2213 18 2212 2191
15 6 1 0
2214 7 15 0
2215 8 2214 0
2216 9 2215 0
2217 13 2216 0
2218 14 2217 0
2219 15 2189 2218
2220 13 2216 1
2221 14 2220 0
2222 15 2189 2221
2223 16 2222 2191
2224 17 2219 2223
2225 18 2224 2222
2226 19 2213 2225
2227 20 2204 2226
2228 15 31 0
2229 21 2227 2228
2230 22 0 2229
2231 17 2192 2198
2232 18 2231 2202
2233 19 2197 2232
2234 15 2209 0
2235 16 2234 2198
2236 17 2207 2235
2237 17 2191 2198
2238 18 2236 2237
2239 16 2219 2198
2240 17 2219 2239
2241 17 2222 2219
2242 18 2240 2241
2243 19 2238 2242
2244 20 2233 2243
2245 21 2244 2228
2246 17 2192 2191
2247 18 2246 2202
2248 19 2197 2247
2249 15 2206 1685
2250 17 2249 2235
2251 18 2250 2191
2252 17 2222 2239
2253 18 2252 2222
2254 19 2251 2253
2255 20 2248 2254
2256 21 2255 2228
2257 22 2245 2256
2258 23 2230 2257
2259 24 2185 2258
2429 30 1300 2259
2430 29 1950 2429
1972 24 11 0
2145 30 1 1972
63 30 1 0
2146 29 2145 63
2431 28 2430 2146
634 10 633 0
635 11 633 634
636 12 635 0
637 12 633 0
638 13 636 637
639 13 636 633
640 14 638 639
641 14 638 0
642 15 640 641
643 16 642 0
644 17 643 0
645 18 644 0
646 19 645 0
647 20 646 0
648 21 647 0
649 16 0 642
650 17 0 649
651 18 0 650
652 19 0 651
653 20 0 652
654 21 653 0
655 23 648 654
656 14 633 634
657 11 633 0
658 11 634 0
659 12 657 658
660 14 659 0
661 15 656 660
662 16 661 0
663 17 662 0
664 18 663 0
665 19 664 0
666 20 665 0
667 14 659 637
668 15 656 667
669 16 668 0
670 17 669 0
671 18 670 0
672 19 671 0
673 20 672 0
674 22 666 673
675 16 0 661
676 17 0 675
677 18 0 676
678 19 0 677
679 20 0 678
680 16 0 668
681 17 0 680
682 18 0 681
683 19 0 682
684 20 0 683
685 22 679 684
686 23 674 685
687 24 655 686
1729 13 637 633
1730 14 637 1729
1731 14 637 0
1732 15 1730 1731
1733 16 1732 0
1734 17 1733 0
1735 18 1734 0
1736 19 1735 0
1737 20 1736 0
1738 21 1737 0
1739 16 0 1732
1740 17 0 1739
1741 18 0 1740
1742 19 0 1741
1743 20 0 1742
1744 21 1743 0
1745 23 1738 1744
1746 24 1745 686
1953 30 687 1746
1304 23 1046 633
2263 16 83 633
2264 17 2263 633
2265 18 2264 633
2266 19 2265 633
2267 20 2266 633
2268 21 2267 633
2269 23 2268 633
2432 30 1304 2269
2433 29 1953 2432
1592 10 0 633
1593 11 1474 1592
1594 11 633 1592
1595 12 1593 1594
1596 13 1595 1594
1597 14 1596 1594
1598 16 1597 1594
1599 17 1598 1594
1600 18 1599 1594
1601 19 1600 1594
1602 20 1601 1594
1603 21 1602 1508
1608 21 1602 1607
1609 23 1603 1608
1610 13 1564 633
1611 14 1610 633
1612 15 1611 633
1613 16 1612 633
1614 17 1613 633
1615 18 1614 633
1616 19 1615 633
1617 20 1616 633
1618 21 1617 633
1619 23 1572 1618
1620 24 1609 1619
2521 23 1608 0
2522 23 2504 0
2523 24 2521 2522
2643 30 1620 2523
2644 29 0 2643
2645 28 2433 2644
2646 27 2431 2645
2647 26 2642 2646
697 10 696 0
904 11 696 697
905 12 696 904
906 13 696 905
907 14 696 906
908 11 697 696
909 12 904 908
910 13 905 909
911 14 906 910
912 15 907 911
913 22 912 0
914 22 119 0
915 23 913 914
693 15 119 0
701 21 693 0
703 22 701 0
916 24 915 703
1627 23 703 0
1978 24 915 1627
2150 30 916 1978
1626 23 913 0
1628 24 1626 1627
2275 5 696 119
2276 6 119 2275
2277 5 119 696
2278 6 2277 119
2279 7 2276 2278
2280 7 119 2276
2281 8 2279 2280
2282 9 119 2281
2529 10 2282 0
2530 11 2282 2529
2531 12 2282 2530
2532 13 2282 2531
2533 14 2282 2532
2534 11 2529 2282
2535 12 2530 2534
2536 13 2531 2535
2537 14 2532 2536
2538 15 2533 2537
2539 22 2538 0
2540 23 2539 914
2541 24 2540 0
2648 30 1628 2541
2649 29 2150 2648
2650 28 0 2649
698 11 697 0
699 12 696 698
700 21 693 699
702 22 700 701
704 23 702 703
705 24 693 704
1310 12 119 207
1311 21 693 1310
1312 22 1311 701
1313 23 1312 703
1314 24 693 1313
2283 15 2282 0
2284 21 2283 693
2285 24 2284 1313
2437 30 1314 2285
2438 29 705 2437
920 13 208 0
921 14 920 0
922 15 921 0
923 21 922 0
924 22 923 0
925 11 119 0
926 21 925 0
927 11 0 119
928 12 927 0
929 12 119 0
930 13 928 929
931 14 930 0
932 15 931 0
933 21 932 0
934 22 926 933
935 23 924 934
936 21 119 0
937 22 936 0
938 23 937 0
939 24 935 938
1982 11 119 206
1983 12 1982 925
1984 13 1983 0
1985 14 1984 0
1986 15 1985 0
1987 16 1986 0
1988 17 1987 0
1989 18 1988 0
1990 19 1989 0
1991 20 1990 0
1992 21 1991 0
1993 22 926 1992
1994 23 924 1993
1995 24 1994 0
2153 30 939 1995
1632 5 0 11
1633 6 11 1632
1634 5 11 0
1635 6 1634 11
1636 7 1633 1635
1637 7 11 1633
1638 8 1636 1637
1639 9 11 1638
1640 10 1639 0
1641 21 1640 0
1642 22 923 1641
1643 23 1642 0
1644 24 1643 0
2651 29 2153 1644
2652 28 2438 2651
2653 27 2650 2652
1666 28 0 63
710 12 243 23
711 13 710 23
712 15 711 0
713 12 201 23
714 10 1 119
715 11 23 714
716 13 713 715
717 14 716 711
718 15 717 0
719 16 712 718
720 17 719 718
721 12 23 715
722 13 713 721
723 14 722 711
724 15 723 0
725 16 724 718
726 17 725 718
727 18 720 726
728 11 22 1
729 12 1 728
730 13 729 480
731 11 22 0
732 12 201 731
733 12 25 731
734 13 732 733
735 14 730 734
736 15 1 735
737 12 1 201
738 13 201 737
739 13 737 1
740 14 738 739
741 11 22 23
742 12 1 741
743 13 742 733
744 14 730 743
745 15 740 744
746 16 736 745
747 12 201 22
748 12 201 203
749 13 747 748
750 14 749 734
751 15 201 750
752 17 746 751
753 18 752 751
754 19 753 751
755 12 201 1
756 13 201 755
757 14 756 201
758 12 1 203
759 13 747 758
760 14 759 734
761 15 757 760
762 13 747 480
763 14 762 734
764 15 201 763
765 16 761 764
766 17 765 751
767 18 766 751
768 19 767 751
769 20 754 768
770 21 727 769
771 12 22 741
772 13 771 741
773 11 0 23
774 12 0 773
775 13 774 773
776 14 772 775
777 15 776 0
778 13 243 0
779 14 1 778
780 15 739 779
781 14 201 778
782 15 740 781
783 16 780 782
784 15 201 781
785 17 783 784
786 18 785 784
787 19 786 784
788 14 738 778
789 15 757 788
790 13 201 1
791 14 790 778
792 15 201 791
793 16 789 792
794 17 793 784
795 18 794 784
796 13 23 0
797 14 1 796
798 15 201 797
799 16 784 798
800 17 799 784
801 18 800 784
802 19 795 801
803 20 787 802
804 21 777 803
805 22 770 804
806 15 775 0
808 12 1 807
809 12 773 741
810 13 808 809
811 14 1 810
812 15 739 811
813 13 737 201
814 14 738 813
815 12 0 731
816 13 198 815
817 14 1 816
818 15 814 817
819 16 812 818
820 12 201 25
821 13 820 815
822 14 201 821
823 15 201 822
824 17 819 823
825 18 824 823
826 19 825 823
827 20 826 823
828 21 806 827
829 12 22 731
830 13 829 815
831 14 830 0
832 15 831 0
833 13 204 0
834 14 833 0
836 13 0 835
837 14 0 836
838 15 834 837
839 12 23 773
840 13 773 839
841 14 0 840
842 15 834 841
843 14 773 836
844 15 834 843
845 16 842 844
846 17 845 838
847 18 846 838
848 19 838 847
849 20 838 848
850 21 832 849
851 22 828 850
852 23 805 851
853 12 731 807
854 13 853 731
855 12 731 22
856 13 731 855
857 14 854 856
858 15 854 857
860 13 859 815
861 14 854 860
862 12 22 1
863 12 731 0
864 13 862 863
865 14 864 0
866 15 861 865
867 19 858 866
868 12 731 203
869 13 0 868
870 14 864 869
871 15 861 870
872 20 867 871
873 21 872 871
874 13 0 23
875 12 23 0
876 13 875 23
877 14 876 796
878 15 874 877
879 22 873 878
880 12 0 23
881 13 880 23
882 14 23 796
883 15 881 882
884 22 883 0
885 23 879 884
886 24 852 885
1756 12 201 195
1757 12 715 23
1758 13 1756 1757
1759 14 1758 711
1760 15 1759 0
1761 16 712 1760
1762 17 1761 1760
1763 18 1762 1760
1764 13 1756 721
1765 14 1764 711
1766 15 1765 0
1767 16 1766 1760
1768 17 1767 1760
1769 18 1768 1760
1770 19 1763 1769
1771 14 1 728
1772 12 728 24
1773 13 729 1772
1774 13 732 731
1775 14 1773 1774
1776 15 1771 1775
1777 13 22 728
1778 14 738 1777
1779 13 742 731
1780 14 1773 1779
1781 15 1778 1780
1782 16 1776 1781
1783 14 201 22
1784 12 22 203
1785 13 747 1784
1786 14 1785 1774
1787 15 1783 1786
1788 17 1782 1787
1789 18 1788 1787
1790 19 1789 1787
1791 14 756 22
1792 12 728 203
1793 13 747 1792
1794 14 1793 1774
1795 15 1791 1794
1796 13 747 1772
1797 14 1796 1774
1798 15 1783 1797
1799 16 1795 1798
1800 17 1799 1787
1801 18 1800 1787
1802 19 1801 1787
1803 20 1790 1802
1804 21 1770 1803
1805 12 728 22
1806 13 1805 728
1807 14 739 1806
1808 13 729 728
1809 14 1808 1774
1810 15 1807 1809
1811 14 1808 1779
1812 15 1778 1811
1813 16 1810 1812
1814 13 747 22
1815 14 1814 1774
1816 15 1783 1815
1817 17 1813 1816
1818 18 1817 1816
1819 19 1818 1816
1820 13 747 1805
1821 14 1820 1774
1822 15 1791 1821
1823 13 747 728
1824 14 1823 1774
1825 15 1783 1824
1826 16 1822 1825
1827 17 1826 1816
1828 18 1827 1816
1829 15 1783 1811
1830 16 1816 1829
1831 17 1830 1816
1832 18 1831 1816
1833 19 1828 1832
1834 20 1819 1833
1835 21 777 1834
1836 22 1804 1835
1837 13 742 809
1838 14 1808 1837
1839 15 1807 1838
1840 14 738 22
1369 12 1 731
1841 13 1369 815
1842 14 1808 1841
1843 15 1840 1842
1844 16 1839 1843
1845 13 732 815
1846 14 1814 1845
1847 15 1783 1846
1848 17 1844 1847
1849 18 1848 1847
1850 19 1849 1847
1851 14 1820 1845
1852 15 1791 1851
1853 14 1823 1845
1854 15 1783 1853
1855 16 1852 1854
1856 17 1855 1847
1857 18 1856 1847
1858 19 1857 1847
1859 20 1850 1858
1860 21 806 1859
1861 13 771 809
1862 14 1861 775
1863 15 1862 0
1864 12 203 728
1865 13 203 1864
1866 13 22 774
1867 14 1865 1866
1868 12 728 773
1869 12 773 24
1870 13 1868 1869
1871 12 728 741
1872 13 1871 809
1873 14 1870 1872
1874 15 1867 1873
1875 12 203 22
1876 13 203 1875
1877 13 22 0
1878 14 1876 1877
1879 14 1870 830
1880 15 1878 1879
1881 16 1874 1880
1882 12 22 0
1883 13 1882 204
1884 14 1883 830
1885 15 1878 1884
1886 17 1881 1885
1887 18 1886 1885
1888 19 1887 1885
1889 14 1883 1872
1890 15 1878 1889
1891 16 1890 1880
1892 17 1891 1885
1893 18 1892 1885
1894 19 1885 1893
1895 20 1888 1894
1896 21 1863 1895
1897 22 1860 1896
1898 23 1836 1897
1899 12 22 23
1900 13 1899 863
1901 14 1900 0
1902 15 861 1901
1903 13 1899 0
1904 14 1903 0
1905 15 861 1904
1906 16 1902 1905
1907 17 1906 1905
1908 18 1907 1905
1909 19 858 1908
1910 14 1900 869
1911 15 861 1910
1912 14 1903 869
1913 15 861 1912
1914 16 1911 1913
1915 17 1914 1913
1916 18 1915 1913
1917 19 1916 1913
1918 20 1909 1917
1919 20 1917 1913
1920 21 1918 1919
1921 12 807 731
1922 13 731 1921
1923 14 1922 815
1924 13 23 868
1925 14 875 1924
1926 15 1923 1925
1927 22 1920 1926
1928 13 880 875
1929 13 880 0
1930 14 1928 1929
1931 13 23 875
1932 14 1931 796
1933 15 1930 1932
1934 14 1929 0
1935 15 1929 1934
1936 21 1935 0
1937 22 1933 1936
1938 23 1927 1937
1939 24 1898 1938
1961 30 886 1939
1319 14 23 0
1320 15 1319 0
1321 14 739 1
1322 12 201 773
1323 13 729 1322
1324 12 243 22
1325 13 1324 868
1326 14 1323 1325
1327 15 1321 1326
1328 14 790 813
1329 12 1 773
1330 13 729 1329
1331 12 23 728
1332 13 1331 868
1333 14 1330 1332
1334 15 1328 1333
1335 16 1327 1334
1336 13 747 202
1337 14 1336 1325
1338 15 201 1337
1339 17 1335 1338
1340 18 1339 1338
1341 19 1340 1338
1342 13 747 27
1343 14 1342 1325
1344 15 757 1343
1345 15 201 1343
1346 16 1344 1345
1347 17 1346 1338
1348 18 1347 1338
1349 19 1348 1338
1350 20 1341 1349
1351 21 1320 1350
1352 12 0 22
1353 13 1352 868
1354 14 1353 0
1355 15 1354 0
1356 12 201 741
1357 13 742 1356
1358 13 835 0
1359 14 1357 1358
1360 15 1321 1359
1361 14 790 737
1362 14 732 1358
1363 15 1361 1362
1364 16 1360 1363
1365 15 201 1362
1366 17 1364 1365
1367 18 1366 1365
1368 19 1367 1365
1370 13 732 1369
1371 14 1370 1358
1372 15 757 1371
1373 15 201 1371
1374 16 1372 1373
1375 17 1374 1365
1376 18 1375 1365
1377 13 839 0
1378 14 742 1377
1379 15 201 1378
1380 16 1365 1379
1381 17 1380 1365
1382 18 1381 1365
1383 19 1376 1382
1384 20 1368 1383
1385 21 1355 1384
1386 22 1351 1385
1387 14 790 739
1388 12 23 741
1389 12 731 773
1390 13 1388 1389
1391 14 1357 1390
1392 15 1387 1391
1393 13 1356 742
1394 12 23 731
1395 13 1394 1389
1396 14 1393 1395
1397 15 1328 1396
1398 16 1392 1397
1399 12 243 731
1400 13 1399 863
1401 14 732 1400
1402 15 201 1401
1403 17 1398 1402
1404 18 1403 1402
1405 19 1404 1402
1406 20 1405 1402
1407 21 0 1406
1408 13 815 863
1409 14 1408 0
1410 15 1409 0
1411 15 834 0
1412 13 773 774
1413 14 0 1412
1414 15 834 1413
1415 13 0 774
1416 14 775 1415
1417 15 834 1416
1418 16 1414 1417
1419 17 1418 1411
1420 18 1419 1411
1421 19 1411 1420
1422 20 1411 1421
1423 21 1410 1422
1424 22 1407 1423
1425 23 1386 1424
1426 13 731 863
1427 14 731 1426
1428 15 731 1427
1429 13 22 863
1430 14 1429 0
1431 15 731 1430
1432 19 1428 1431
1433 14 1429 869
1434 15 731 1433
1435 20 1432 1434
1436 21 1435 1434
1437 13 0 875
1438 14 1437 0
1439 15 875 1438
1440 22 1436 1439
1441 22 1439 0
1442 23 1440 1441
1443 24 1425 1442
2290 15 23 0
33 15 1 0
2291 16 2290 33
2292 17 2291 33
2293 18 2292 33
2294 19 2293 33
2295 12 728 1
2296 14 739 2295
2297 12 22 773
2298 13 729 2297
2299 14 2298 1325
2300 15 2296 2299
2301 12 22 201
2302 14 756 2301
2303 13 729 1868
2304 14 2303 1332
2305 15 2302 2304
2306 16 2300 2305
2307 14 201 2301
2308 13 747 1882
2309 14 2308 1325
2310 15 2307 2309
2311 17 2306 2310
2312 18 2311 2310
2313 19 2312 2310
2314 12 728 0
2315 13 747 2314
2316 14 2315 1325
2317 15 2302 2316
2318 15 2307 2316
2319 16 2317 2318
2320 17 2319 2310
2321 18 2320 2310
2322 19 2321 2310
2323 20 2313 2322
2324 21 2294 2323
2325 13 742 771
2326 14 2325 1325
2327 15 2296 2326
2328 13 742 1871
2329 14 2328 1332
2330 15 2302 2329
2331 16 2327 2330
2332 13 732 829
2333 14 2332 1325
2334 15 2307 2333
2335 17 2331 2334
2336 18 2335 2334
2337 19 2336 2334
2338 12 728 731
2339 13 732 2338
2340 14 2339 1325
2341 15 2302 2340
2342 15 2307 2340
2343 16 2341 2342
2344 17 2343 2334
2345 18 2344 2334
2346 15 2307 2329
2347 16 2334 2346
2348 17 2347 2334
2349 18 2348 2334
2350 19 2345 2349
2351 20 2337 2350
2352 21 1355 2351
2353 22 2324 2352
2354 12 728 201
2355 13 2354 2295
2356 14 790 2355
2357 14 2325 1390
2358 15 2356 2357
2359 13 1356 1871
2360 14 2359 1395
2361 15 2302 2360
2362 16 2358 2361
2363 14 2332 1400
2364 15 2307 2363
2365 17 2362 2364
2366 18 2365 2364
2367 19 2366 2364
2368 14 2339 1400
2369 15 2302 2368
2370 15 2307 2368
2371 16 2369 2370
2372 17 2371 2364
2373 18 2372 2364
2374 19 2373 2364
2375 20 2367 2374
2376 21 0 2375
2377 13 1868 774
2378 13 809 1389
2379 14 2377 2378
2380 15 1867 2379
2381 13 2297 773
2382 13 815 1389
2383 14 2381 2382
2384 15 1878 2383
2385 16 2380 2384
2091 13 1882 0
2386 14 2091 1408
2387 15 1878 2386
2388 17 2385 2387
2389 18 2388 2387
2390 19 2389 2387
2391 14 2091 2378
2392 15 1878 2391
2393 16 2392 2384
2394 17 2393 2387
2395 18 2394 2387
2396 19 2387 2395
2397 20 2390 2396
2398 21 1410 2397
2399 22 2376 2398
2400 23 2353 2399
2012 13 0 863
2038 14 2012 0
2401 15 731 2038
2402 19 731 2401
2403 14 2012 869
2404 15 731 2403
2405 20 2402 2404
2406 21 2405 2404
2407 13 1921 731
2408 14 1921 2407
2409 14 1437 869
2410 15 2408 2409
2411 22 2406 2410
2412 13 875 0
2413 14 875 2412
2414 15 2413 1438
2415 22 2414 0
2416 23 2411 2415
2417 24 2400 2416
2441 30 1443 2417
2442 29 1961 2441
32 15 0 1
944 17 0 32
945 18 944 0
946 19 945 0
947 15 0 119
948 17 947 0
949 18 948 0
950 19 0 949
951 20 946 950
952 10 119 1
953 11 952 1
954 6 13 0
955 7 954 0
956 8 955 0
957 9 956 0
958 10 957 1
959 11 958 1
960 12 953 959
961 10 307 1
962 11 961 1
963 12 962 959
964 13 960 963
965 12 1 959
966 12 728 959
967 13 965 966
968 14 964 967
969 11 958 22
970 12 728 969
971 12 22 969
972 13 970 971
973 12 201 969
974 13 973 971
975 14 972 974
976 15 968 975
977 13 965 963
978 14 977 966
979 15 978 975
980 17 976 979
981 14 972 971
982 15 968 981
983 14 977 967
984 15 983 975
985 16 982 984
986 17 976 985
987 18 980 986
988 14 964 966
989 15 988 981
990 13 966 963
991 14 990 966
992 15 991 981
993 17 989 992
994 18 993 992
995 19 987 994
996 20 995 994
997 21 951 996
998 15 983 981
999 16 998 979
1000 17 976 999
1001 14 990 967
1002 15 1001 981
1003 15 1001 975
1004 16 1002 1003
1005 17 976 1004
1006 18 1000 1005
1007 19 1006 994
1008 20 1007 994
1009 21 951 1008
1010 22 997 1009
1011 15 978 981
1012 16 984 1011
1013 17 976 1012
1014 18 1013 986
1015 19 1014 994
1016 20 1015 994
1017 21 951 1016
1018 22 0 1017
1019 23 1010 1018
46 22 0 1
1020 23 1 46
1021 24 1019 1020
2000 13 863 0
2001 14 2000 0
2002 15 2001 0
2003 16 0 2002
2004 17 2003 2002
2005 18 2004 2002
2006 19 2005 2002
2007 12 203 0
2008 12 203 773
2009 13 2007 2008
2010 13 203 774
2011 14 2009 2010
2013 14 0 2012
2014 15 2011 2013
2015 12 24 203
2016 13 2015 0
2017 14 2007 2016
2018 13 0 773
2019 13 773 863
2020 14 2018 2019
2021 15 2017 2020
2022 16 2014 2021
2023 13 203 0
2024 14 2007 2023
2025 15 2024 2013
2026 17 2022 2025
2027 18 2026 2025
2028 19 2027 2025
2029 13 774 863
2030 14 0 2029
2031 15 2024 2030
2032 16 2031 2025
2033 17 2032 2025
2034 18 2033 2025
2035 19 2034 2025
2036 20 2028 2035
2037 21 2006 2036
2039 15 2038 0
2040 12 0 25
2041 13 244 2040
2042 13 244 863
2043 14 2041 2042
2044 15 2011 2043
2045 12 773 807
2046 13 244 2045
2047 12 773 23
2048 13 2047 863
2049 14 2046 2048
2050 15 2017 2049
2051 16 2044 2050
2052 15 2024 2043
2053 17 2051 2052
2054 18 2053 2052
2055 19 2054 2052
2056 15 2024 2049
2057 16 2052 2056
2058 17 2057 2052
2059 18 2058 2052
2060 19 2052 2059
2061 20 2055 2060
2062 21 2039 2061
2063 22 2037 2062
2064 12 773 0
2065 13 2047 2064
2066 14 2041 2065
2067 15 2011 2066
2068 13 244 0
2069 14 2046 2068
2070 15 2017 2069
2071 16 2067 2070
2072 14 2041 2068
2073 15 2024 2072
2074 17 2071 2073
2075 18 2074 2073
2076 19 2075 2073
2077 20 2076 2073
2078 21 0 2077
2079 13 2007 1864
2080 14 2079 1866
2081 13 1868 773
2082 13 773 2064
2083 14 2081 2082
2084 15 2080 2083
2085 13 2007 1875
2086 14 2085 1877
2087 13 1882 773
2088 14 2087 0
2089 15 2086 2088
2090 16 2084 2089
2092 14 2091 0
2093 15 2086 2092
2094 17 2090 2093
2095 18 2094 2093
2096 19 2095 2093
2097 13 1882 774
2098 14 2097 0
2099 15 2086 2098
2100 16 2093 2099
2101 17 2100 2093
2102 18 2101 2093
2103 14 2091 2082
2104 15 2086 2103
2105 16 2104 2089
2106 17 2105 2093
2107 18 2106 2093
2108 19 2102 2107
2109 20 2096 2108
2110 21 0 2109
2111 22 2078 2110
2112 23 2063 2111
2113 13 880 815
2114 14 1929 2113
26 12 0 1
2115 13 26 0
2116 14 2115 0
2117 15 2114 2116
2118 19 1935 2117
2119 14 2115 869
2120 15 2114 2119
2121 20 2118 2120
2122 21 2121 2120
2123 13 731 853
2124 13 815 859
2125 14 2123 2124
2126 13 0 880
2127 14 2126 1924
2128 15 2125 2127
2129 22 2122 2128
2130 14 880 796
2131 15 880 2130
2132 22 2131 1936
2133 23 2129 2132
2134 24 2112 2133
2157 30 1021 2134
2549 13 2007 1693
2550 14 2549 2016
2551 15 2550 2020
2552 16 2014 2551
2553 17 2552 2025
2554 18 2553 2025
2555 19 2554 2025
2556 20 2555 2035
2557 21 0 2556
2558 13 0 815
2559 14 2558 2012
2560 15 2011 2559
2561 13 2015 2064
2562 14 2549 2561
2563 13 0 809
2564 14 2563 2019
2565 15 2562 2564
2566 16 2560 2565
2567 15 2024 2559
2568 17 2566 2567
2569 18 2568 2567
2570 19 2569 2567
2571 14 2558 2029
2572 15 2024 2571
2573 16 2572 2567
2574 17 2573 2567
2575 18 2574 2567
2576 15 2024 2564
2577 16 2567 2576
2578 17 2577 2567
2579 18 2578 2567
2580 19 2575 2579
2581 20 2570 2580
2582 21 2039 2581
2583 22 2557 2582
2584 13 809 863
2585 14 2558 2584
2586 15 2011 2585
2587 14 2563 1408
2588 15 2550 2587
2589 16 2586 2588
2590 14 2558 1408
2591 15 2024 2590
2592 17 2589 2591
2593 18 2592 2591
2594 19 2593 2591
2595 20 2594 2591
2596 21 0 2595
2597 14 2377 2584
2598 15 2080 2597
2599 14 2087 1408
2600 15 2086 2599
2601 16 2598 2600
2602 15 2086 2386
2603 17 2601 2602
2604 18 2603 2602
2605 19 2604 2602
2606 14 2091 2584
2607 15 2086 2606
2608 16 2607 2600
2609 17 2608 2602
2610 18 2609 2602
2611 19 2602 2610
2612 20 2605 2611
2613 21 1410 2612
2614 22 2596 2613
2615 23 2583 2614
2616 13 0 731
2617 14 0 2616
2618 14 1877 0
2619 15 2617 2618
2620 19 0 2619
2621 14 1877 869
2622 15 2617 2621
2623 20 2620 2622
2624 21 2623 2622
2625 14 0 869
2626 15 731 2625
2627 22 2624 2626
2628 23 2627 0
2629 24 2615 2628
2630 30 0 2629
2654 29 2157 2630
2655 28 2442 2654
2656 27 1666 2655
2657 26 2653 2656
2658 25 2647 2657
3167 28 0 2637
2660 21 128 1053
2661 22 91 2660
2662 23 2661 148
2663 24 2662 0
2758 16 1053 1064
2759 17 2758 1064
2760 18 2759 1064
2761 19 2760 1064
2762 20 2761 1064
2763 21 2762 1064
2764 22 2268 2763
2765 23 2764 1072
2766 30 2765 0
2894 29 2663 2766
2804 15 1500 1503
2805 16 0 2804
2806 17 2804 2805
2807 16 2804 0
2808 17 2807 2804
2809 18 2806 2808
2810 18 2804 2806
2811 19 2809 2810
2812 20 2804 2811
2813 21 0 2812
2814 22 2494 2813
2815 23 2481 2814
2816 15 1477 633
2817 16 2816 633
2818 17 2817 633
2819 18 2818 633
2820 19 2819 633
2821 20 2820 633
2822 21 2821 633
2823 15 1521 1056
2824 16 2823 1056
2825 17 2824 1056
2826 18 2825 1056
2827 19 2826 1056
2828 20 2827 1056
2829 21 2828 1056
2830 22 2822 2829
2831 22 2829 0
2832 23 2830 2831
2833 24 2815 2832
3085 10 83 0
3086 11 3085 0
3087 12 3086 658
3088 13 3087 658
3089 14 3088 658
3090 16 3089 658
3091 17 3090 658
3092 18 3091 658
3093 19 3092 658
3094 20 3093 658
3095 11 1059 1496
3096 12 3095 1500
3097 13 3096 1500
3098 14 1500 3097
3099 15 3098 1503
3100 16 1607 3099
3101 17 3099 3100
3102 16 3099 1607
3103 17 3102 3099
3104 18 3101 3103
3105 18 3099 3101
3106 19 3104 3105
3107 20 3099 3106
3108 21 3094 3107
3109 22 3108 2813
3110 23 2481 3109
3111 11 83 633
3112 12 3111 633
3113 13 3112 633
3114 14 3113 633
3115 15 3114 633
3116 16 3115 633
3117 17 3116 633
3118 18 3117 633
3119 19 3118 633
3120 20 3119 633
3121 21 3120 633
3122 3 116 1
3123 4 1 3122
3124 5 0 3123
3125 6 3124 0
3126 7 121 3125
3127 8 3126 126
3128 9 0 3127
3129 10 3128 128
3130 11 3129 1056
3131 12 3130 1056
3132 13 3131 1056
3133 14 3132 1056
3134 15 3133 1056
3135 16 3134 1056
3136 17 3135 1056
3137 18 3136 1056
3138 19 3137 1056
3139 20 3138 1056
3140 21 3139 1056
3141 22 3121 3140
3142 22 3121 0
3143 23 3141 3142
3144 24 3110 3143
3168 30 2833 3144
3169 29 0 3168
3170 28 2894 3169
3171 27 3167 3170
2907 21 0 309
2908 22 2907 0
2909 23 2908 0
2910 5 466 0
2911 6 2910 0
2912 5 0 466
2913 6 0 2912
2914 7 2911 2913
2915 7 0 2910
2916 8 2914 2915
2917 9 2916 0
2918 8 2910 0
2919 9 2918 0
2920 10 2917 2919
2921 11 2920 0
2922 6 2912 0
2923 7 0 2922
2924 12 2921 2923
2925 13 0 2924
2926 14 2925 0
2927 15 2926 0
2928 16 0 2927
2929 17 0 2928
2930 18 2929 0
2931 19 2930 0
2932 10 0 2216
2933 11 2932 0
2934 12 2933 0
2935 13 2934 0
2936 14 0 2935
2937 8 631 0
2938 9 2937 0
2939 10 2938 0
2940 11 2939 0
2941 12 0 2940
2942 13 2941 0
2943 14 0 2942
2944 15 2936 2943
2945 16 0 2944
2946 17 0 2945
2947 18 2946 0
2948 19 0 2947
2949 20 2931 2948
2950 6 119 0
2951 6 120 0
2952 7 2950 2951
2953 8 2952 0
2954 7 2950 0
2955 8 2954 0
2956 9 2953 2955
2957 10 0 2956
2958 11 2957 0
2959 12 2958 0
2960 13 2959 0
2961 14 2960 0
2962 15 2961 0
2963 16 2962 0
2964 9 2955 0
2965 10 0 2964
2966 11 2965 0
2967 12 2966 0
2968 13 2967 0
2969 14 0 2968
2970 8 1054 0
2971 9 2970 0
2972 10 2971 0
2973 11 2972 0
2974 12 0 2973
2975 13 2974 0
2976 14 0 2975
2977 15 2969 2976
2978 16 0 2977
2979 17 2963 2978
2980 18 2979 0
2981 19 0 2980
2982 20 0 2981
2983 21 2949 2982
2984 22 2983 0
2985 23 2984 0
2986 24 2909 2985
3050 30 1 2986
3051 29 3050 63
3052 28 0 3051
2770 16 1041 633
2771 17 2770 633
2772 18 2771 633
2773 19 2772 633
2774 20 2773 633
2775 21 2774 633
2776 23 2775 633
2777 30 2776 0
2778 29 0 2777
2838 23 2822 0
2839 24 2521 2838
3149 23 3121 0
3150 24 2521 3149
3172 30 2839 3150
3173 29 0 3172
3174 28 2778 3173
3175 27 3052 3174
3176 26 3171 3175
2695 15 696 907
2696 22 912 2695
2697 23 2696 119
2698 22 0 119
2699 22 0 936
2700 23 2698 2699
2701 24 2697 2700
2846 23 2698 0
2992 24 2697 2846
3055 30 2701 2992
2845 23 2696 0
2847 24 2845 2846
3156 15 2282 2533
3157 22 2538 3156
3158 23 3157 119
3159 24 3158 0
3177 30 2847 3159
3178 29 3055 3177
3179 28 0 3178
2669 2 1 115
2670 3 2669 1
2671 4 1 2670
2672 5 696 2671
2673 6 2672 696
2674 7 696 2673
2675 8 2674 696
2676 9 696 2675
2677 10 2676 696
2678 11 2677 696
2679 12 2678 698
2680 13 2679 699
2681 14 699 2680
2682 15 2681 699
2683 21 119 2682
2684 22 2683 936
2685 23 2684 937
2686 24 119 2685
2875 21 119 699
2876 22 2875 936
2877 23 2876 937
2878 24 119 2877
2898 30 2686 2878
2782 21 119 1310
2783 22 2782 936
2784 23 2783 937
2785 24 119 2784
3069 21 2282 119
3070 24 3069 2784
3078 30 2785 3070
3079 29 2898 3078
2705 22 119 701
2706 21 0 119
2707 22 2706 701
2708 23 2705 2707
2709 24 935 2708
2996 12 119 925
2997 13 2996 0
2998 14 2997 0
2999 15 2998 0
3000 8 0 126
3001 9 0 3000
3002 11 3001 0
3003 12 3002 0
3004 13 3003 0
3005 14 0 3004
3006 15 3005 0
3007 16 2999 3006
3008 17 3007 0
3009 18 3008 0
3010 19 3009 0
3011 20 3010 0
3012 21 3011 0
3013 22 926 3012
3014 23 924 3013
3015 24 3014 0
3058 30 2709 3015
3180 29 3058 1644
3181 28 3079 3180
3182 27 3179 3181
3020 5 309 0
3021 6 0 3020
3022 7 3021 0
3023 7 0 3021
3024 8 3022 3023
3025 9 0 3024
3026 10 3025 0
3027 11 3026 0
3028 12 3027 0
3029 13 3028 0
3030 14 3029 0
3031 15 3030 0
3032 16 0 3031
3033 17 0 3032
3034 18 0 3033
3035 19 0 3034
3036 20 0 3035
3037 21 3036 0
3038 22 3036 3037
3039 23 3038 0
3040 24 3039 0
3062 30 1 3040
3063 29 3062 63
3064 28 0 3063
2883 21 33 0
2884 22 2883 0
2885 23 2884 0
2886 24 2885 0
2887 30 0 2886
2888 29 2887 0
36 17 0 1
2714 18 36 0
2715 19 2714 0
2716 17 119 0
2717 18 2716 0
2718 19 0 2717
2719 20 2715 2718
2720 14 1358 0
2721 15 2720 0
2722 17 922 2721
2723 17 922 0
2724 18 2722 2723
2725 18 2723 0
2726 19 2724 2725
2727 20 2726 2725
2728 21 2719 2727
2729 16 922 2721
2730 17 922 2729
2731 18 2722 2730
2732 19 2731 2725
2733 20 2732 2725
2734 21 2719 2733
2735 22 2728 2734
2736 17 0 2729
2737 18 0 2736
2738 19 0 2737
2739 20 2738 0
2740 21 0 2739
2741 22 2740 2734
2742 23 2735 2741
2743 24 2742 0
2744 30 2743 0
2745 29 2744 0
2902 28 2888 2745
3065 27 3064 2902
3183 26 3182 3065
3184 25 3176 3183
3185 31 2658 3184
