3063 32
31 30 29 28 27 26 25 24 23 22 21 20 19 18 17 16 15 14 13 12 11 10 9 8 7 1 2 3 4 5 6 0 
35 16 1 0
3342317 17 35 0
3342318 18 3342317 0
3342319 19 3342318 0
3342320 20 3342319 0
3342321 21 3342320 0
3342322 22 3342321 0
3342323 23 3342322 0
3342324 24 3342323 0
3342325 30 3342324 0
3342326 29 3342325 0
2 0 0 1
3109175 1 1 2
3 0 1 0
3109359 1 3 1
3109360 2 3109175 3109359
3109725 2 3109359 3109175
3109726 3 3109360 3109725
3109727 4 1 3109726
5 1 1 0
1129 2 3109359 5
1130 3 3109360 1129
1131 4 1 1130
3469306 23 1131 0
3469307 24 3109727 3469306
5599623 23 3109727 0
5599624 24 3109727 5599623
1146784 29 3469307 5599624
1146785 28 3342326 1146784
13 5 1 0
1204505 6 0 13
1204506 7 1204505 0
12 5 0 1
1206450 6 12 0
1208366 6 0 12
1208367 7 1206450 1208366
1208368 8 1204506 1208367
1208369 9 0 1208368
6160526 16 0 1208369
6160527 17 1208369 6160526
1510976 16 1208369 0
6928541 17 1510976 1208369
6928542 18 6160527 6928541
8432645 18 6928541 6160527
8432646 19 6928542 8432645
8432647 20 1208369 8432646
8433486 5 3 0
8433487 6 0 8433486
8433488 7 8433487 0
8434331 5 0 3
8434332 6 8434331 0
8435163 6 0 8434331
8435164 7 8434332 8435163
8435165 8 8433488 8435164
8435166 9 0 8435165
8435167 10 0 8435166
8435168 11 0 8435167
8435169 12 0 8435168
8435170 13 0 8435169
8435171 14 0 8435170
8437236 16 8435171 0
8437237 17 8437236 0
8475154 18 8437237 8437236
8445013 18 8437236 8437237
8486387 19 8475154 8445013
8486388 20 8437236 8486387
8486389 21 8432647 8486388
8487547 5 3109727 0
8487548 6 0 8487547
8487549 7 8487548 0
8488949 5 0 3109727
8488950 6 8488949 0
8490360 6 0 8488949
8490361 7 8488950 8490360
8490362 8 8487549 8490361
8490363 9 0 8490362
5637981 21 8490363 8486388
5637982 22 8486389 5637981
5781878 15 0 1208369
9455909 10 0 1208369
9455910 11 0 9455909
9455911 12 0 9455910
9455912 13 0 9455911
9455913 14 0 9455912
9597104 16 0 9455913
9597105 17 9455913 9597104
9459994 16 9455913 0
9620360 17 9459994 9455913
9620361 18 9597105 9620360
9666020 18 9620360 9597105
9666021 19 9620361 9666020
9666022 20 9455913 9666021
9666023 21 5781878 9666022
9778787 15 0 8490363
3437074 21 9778787 9666022
3437075 22 9666023 3437074
3437076 23 5637982 3437075
3437077 24 3437076 0
2255585 7 0 1208366
2255586 8 1204506 2255585
2255587 9 0 2255586
5831044 15 1208369 2255587
6450033 17 5831044 2255587
7170944 18 6450033 2255587
8544771 19 7170944 2255587
1318824 20 8544771 2255587
6482206 21 1318824 2255587
6560030 10 0 8490363
6560031 11 8490363 6560030
6486725 10 8490363 0
6572378 11 6486725 8490363
6572379 12 6560031 6572378
6596657 12 6572378 6560031
6596658 13 6572379 6596657
6596659 14 8490363 6596658
6599266 7 0 8490360
6599267 8 8487549 6599266
6599268 9 0 6599267
6645270 10 0 6599268
6645271 11 6599268 6645270
6599269 10 6599268 0
6653110 11 6599269 6599268
6653111 12 6645271 6653110
6668511 12 6653110 6645271
6668512 13 6653111 6668511
6668513 14 6599268 6668512
6668514 15 6596659 6668513
7103611 17 6668514 6668513
7617947 18 7103611 6668513
8621560 19 7617947 6668513
681918 20 8621560 6668513
4673499 21 681918 6668513
4673500 22 6482206 4673499
3160822 22 2255587 6668513
3160823 23 4673500 3160822
4817870 22 0 6668513
4817871 23 0 4817870
2752421 22 0 4673499
174775 23 2752421 4817870
174776 24 4817871 174775
174777 30 3160823 174776
174778 29 3437077 174777
8258820 10 1208369 2255587
8280098 12 8258820 2255587
8305664 13 8280098 2255587
8355809 14 8305664 2255587
8647078 16 8355809 2255587
9015715 17 8647078 2255587
9725904 18 9015715 2255587
1194598 19 9725904 2255587
3868790 20 1194598 2255587
113 1 1 3
114 2 1 113
115 3 1 114
116 4 1 115
2419 5 116 0
2420 6 0 2419
2421 7 2420 0
117 5 0 116
118 6 0 117
119 7 0 118
3871567 8 2421 119
3871568 9 0 3871567
3871569 10 3871568 0
3871570 11 3871569 0
3885114 7 0 1206450
3885115 8 3885114 0
3885116 9 0 3885115
3885117 10 3885116 0
3885118 11 3871569 3885117
3895497 13 3885118 3871570
3895498 14 3871570 3895497
2255588 10 2255587 0
2255589 11 2255588 0
12080 12 2255589 0
39969 13 12080 0
92828 14 39969 0
3898315 15 3895498 92828
4326998 11 0 3885117
4328503 13 4326998 0
4328504 14 0 4328503
4328505 15 4328504 0
4354778 16 4328505 3898315
4354779 17 3898315 4354778
4382557 16 3898315 4328505
4433861 17 4382557 3898315
4433862 18 4354779 4433861
4588644 18 4433861 4354779
4588645 19 4433862 4588644
4588646 20 3898315 4588645
4588647 21 3868790 4588646
4595929 10 8490363 6599268
4613658 12 4595929 6599268
4634582 13 4613658 6599268
4675563 14 4634582 6599268
4916070 16 4675563 6599268
5223317 17 4916070 6599268
5823547 18 5223317 6599268
6952285 19 5823547 6599268
9131623 20 6952285 6599268
9143919 7 0 8488950
9143920 8 9143919 0
9143921 9 0 9143920
9143922 10 9143921 0
9143923 11 3871569 9143922
9153430 13 9143923 3871570
9153431 14 3871570 9153430
9156120 15 9153431 92828
9560809 11 0 9143922
9562070 13 9560809 0
9562071 14 0 9562070
9562072 15 9562071 0
9587329 16 9562072 9156120
9587330 17 9156120 9587329
9613653 16 9156120 9562072
9662944 17 9613653 9156120
9662945 18 9587330 9662944
9810860 18 9662944 9587330
9810861 19 9662945 9810860
9810862 20 9156120 9810861
9810863 21 9131623 9810862
9810864 22 4588647 9810863
4600483 11 2255588 9143922
4611068 13 4600483 2255589
4611069 14 2255589 4611068
4613929 15 4611069 92828
5073977 16 9562072 4613929
5073978 17 4613929 5073977
5101795 16 4613929 9562072
5153876 17 5101795 4613929
5153877 18 5073978 5153876
5310310 18 5153876 5073978
5310311 19 5153877 5310310
5310312 20 4613929 5310311
5310313 21 9131623 5310312
11174 23 9810864 5310313
27820 11 8258820 2255587
42028 12 27820 2255587
124131 14 42028 2255587
226417 15 124131 2255587
422840 16 226417 2255587
799505 17 422840 2255587
1520292 18 799505 2255587
2896516 19 1520292 2255587
5518153 20 2896516 2255587
624777 21 5518153 2255587
638363 11 4595929 6599268
649759 12 638363 6599268
717501 14 649759 6599268
802760 15 717501 6599268
967617 16 802760 6599268
1290220 17 967617 6599268
1909545 18 1290220 6599268
3102419 19 1909545 6599268
5385004 20 3102419 6599268
9732163 21 5385004 6599268
9732164 22 624777 9732163
7909266 23 9732164 9732163
7909267 24 11174 7909266
8695631 12 3885118 3871570
8701212 13 8695631 3871570
8701213 14 3871570 8701212
8703966 15 8701213 92828
356702 12 4326998 0
356703 13 356702 0
356704 14 0 356703
356705 15 356704 0
9129541 16 356705 8703966
9129542 17 8703966 9129541
9154640 16 8703966 356705
9203255 17 9154640 8703966
9203256 18 9129542 9203255
9346524 18 9203255 9129542
9346525 19 9203256 9346524
9346526 20 8703966 9346525
9346527 21 3868790 9346526
4173577 12 9143923 3871570
4179378 13 4173577 3871570
4179379 14 3871570 4179378
4182460 15 4179379 92828
4585090 12 9560809 0
4585091 13 4585090 0
4585092 14 0 4585091
4585093 15 4585092 0
4609899 16 4585093 4182460
4609900 17 4182460 4609899
4634734 16 4182460 4585093
4683165 17 4634734 4182460
4683166 18 4609900 4683165
4826622 18 4683165 4609900
4826623 19 4683166 4826622
4826624 20 4182460 4826623
4826625 21 9131623 4826624
4826626 22 9346527 4826625
8984659 12 4600483 2255589
8990298 13 8984659 2255589
8990299 14 2255589 8990298
8992988 15 8990299 92828
9414859 16 4585093 8992988
9414860 17 8992988 9414859
9439581 16 8992988 4585093
9487945 17 9439581 8992988
9487946 18 9414860 9487945
9630989 18 9487945 9414860
9630990 19 9487946 9630989
9630991 20 8992988 9630990
9630992 21 9131623 9630991
5055573 23 4826626 9630992
5108363 13 27820 2255587
5155726 14 5108363 2255587
5249023 15 5155726 2255587
5430422 16 5249023 2255587
5776873 17 5430422 2255587
6439593 18 5776873 2255587
7728869 19 6439593 2255587
306032 20 7728869 2255587
5609441 21 306032 2255587
5654689 13 638363 6599268
5694987 14 5654689 6599268
5773826 15 5694987 6599268
5927936 16 5773826 6599268
6229004 17 5927936 6599268
6816866 18 6229004 6599268
7963943 19 6816866 6599268
256559 20 7963943 6599268
4899173 21 256559 6599268
4899174 22 5609441 4899173
3078111 23 4899174 4899173
3078112 24 5055573 3078111
3078113 30 7909267 3078112
3078114 29 0 3078113
3078115 28 174778 3078114
3078116 27 1146785 3078115
18 8 0 1
3827421 9 18 1
3997150 13 3827421 0
4472287 14 3997150 1
4472288 15 1 4472287
30 14 0 1
29 13 1 0
9790936 14 29 1
995243 15 9790936 4472287
995244 16 30 995243
995245 17 4472288 995244
2919391 15 30 4472287
4459507 16 2919391 30
7970486 17 4459507 2919391
7970487 18 995245 7970486
403361 15 1 30
5478592 16 30 2919391
5478593 17 995243 5478592
5478594 18 403361 5478593
5478595 19 7970487 5478594
8258248 15 1 9790936
28 13 0 1
9437891 14 28 1
692403 15 9437891 9790936
692404 16 8258248 692403
2735515 15 9790936 30
5065999 16 2735515 9790936
5066000 17 692404 5065999
6999311 15 30 9790936
919049 15 30 9437891
3375970 15 30 1
3375971 16 919049 3375970
3375972 17 6999311 3375971
3375973 18 5066000 3375972
2468204 15 1 9437891
5271646 15 9790936 1
5271647 16 2468204 5271646
5271648 17 1 5271647
1902988 16 919049 30
1902989 17 30 1902988
1902990 18 5271648 1902989
1902991 19 3375973 1902990
1902992 20 5478595 1902991
25 11 1 0
2224512 12 25 1
23 10 1 0
2389378 11 23 1
2389379 12 0 2389378
2389380 13 2224512 2389379
27 12 1 0
122944 12 1 25
2897285 13 27 122944
2897286 14 2389380 2897285
22 10 0 1
3053954 11 1 22
3053955 12 3053954 0
3108224 11 0 22
3108225 12 0 3108224
3108226 13 3053955 3108225
3157328 10 3109727 0
3157329 11 3157328 0
3157330 12 3157329 0
3157331 13 0 3157330
3157332 14 3108226 3157331
3157333 15 2897286 3157332
3053956 13 3053955 0
4248934 14 3053956 3157331
4248935 15 2897286 4248934
4248936 16 3157333 4248935
6370292 17 4248936 4248935
596065 18 6370292 4248935
1888921 13 3053954 0
1932831 14 1888921 3157331
1932832 15 2897286 1932831
128068 19 596065 1932832
73545 14 1888921 0
73546 15 2897286 73545
8658125 20 128068 73546
8658126 21 1902992 8658125
8228936 16 30 9790936
8228937 17 8258248 8228936
1801400 16 6999311 30
5660130 17 1801400 6999311
5660131 18 8228937 5660130
3422992 16 30 6999311
3422993 17 9790936 3422992
3422994 18 403361 3422993
3422995 19 5660131 3422994
9343404 15 9437891 1
9343405 16 1 9343404
3807797 17 9343405 5065999
2060933 18 3807797 3375972
1252316 17 919049 1902988
1252317 18 5271648 1252316
1252318 19 2060933 1252317
1252319 20 3422995 1252318
241005 11 23 0
1628109 12 0 241005
1628110 13 2224512 1628109
2096088 12 2389378 25
2096089 13 27 2096088
2096090 14 1628110 2096089
2461597 15 2096090 1932831
822328 15 2096090 73545
4440415 20 2461597 822328
4440416 21 1252319 4440415
4440417 22 8658126 4440416
7188397 15 9790936 9437891
9867192 16 7188397 5271646
9867193 17 9343405 9867192
9020071 17 9790936 3375971
9020072 18 9867193 9020071
8264931 19 9020072 1252317
8264932 20 3422995 8264931
1600524 21 8264932 4440415
6788268 16 9790936 8258248
703707 17 6788268 8228936
7996181 18 703707 5660130
5726069 19 7996181 3422994
2052530 16 5271646 9790936
6413569 17 2052530 3375971
6413570 18 9867193 6413569
7136519 16 2468204 7188397
7136520 17 2468204 7136519
4650704 18 7136520 1252316
4650705 19 6413570 4650704
4650706 20 5726069 4650705
5639869 12 0 3053954
5639870 13 5639869 0
5688055 14 5639870 3157331
5688056 15 2096090 5688055
83903 14 5639870 0
83904 15 2096090 83903
3207854 20 5688056 83904
3207855 21 4650706 3207854
3207856 22 1600524 3207855
3207857 23 4440417 3207856
1844 6 1 13
10457 7 1 1844
10458 8 1 10457
42609 9 1 10458
3299832 6 13 1
3299833 7 1844 3299832
3299834 8 10457 3299833
3299835 9 10458 3299834
3299836 10 42609 3299835
162770 10 1 42609
5349514 17 3299836 162770
5349515 18 5349514 0
5349516 19 5349515 0
6160129 15 29 0
7041979 20 5349516 6160129
24 11 0 1
7602099 12 24 23
7602100 13 1 7602099
11 4 1 0
7615484 9 11 0
7628285 11 7615484 0
7677949 12 7615484 7628285
8000513 13 7677949 122944
8000514 14 7602100 8000513
159 1 3 0
464 2 159 0
527 3 464 0
528 4 527 0
8428626 14 29 528
8428627 15 8000514 8428626
9000017 12 2389378 241005
9000018 13 1 9000017
9371735 14 9000018 8000513
235 1 2 0
536 2 235 0
598 3 536 0
599 4 598 0
9398434 14 0 599
9398435 15 9371735 9398434
9398436 16 8428627 9398435
216 1 0 3
217 2 216 0
218 3 217 0
219 4 218 0
391976 14 0 219
391977 15 9371735 391976
152 1 0 2
293 2 152 0
294 3 293 0
295 4 294 0
1445040 14 0 295
1445041 15 9371735 1445040
1445042 16 391977 1445041
1445043 17 9398436 1445042
367 2 0 159
368 3 367 0
369 4 368 0
2397803 14 0 369
2397804 15 9371735 2397803
444 2 0 235
445 3 444 0
446 4 445 0
3343267 14 0 446
3343268 15 9371735 3343267
3343269 16 2397804 3343268
522 2 0 216
523 3 522 0
524 4 523 0
4262412 14 0 524
4262413 15 9371735 4262412
456 2 0 152
601 3 456 0
602 4 601 0
5589293 14 29 602
5589294 15 9371735 5589293
5589295 16 4262413 5589294
5589296 17 3343269 5589295
5589297 18 1445043 5589296
673 3 0 464
674 4 673 0
6898305 14 28 674
6898306 15 9371735 6898305
746 3 0 536
747 4 746 0
7823716 14 0 747
7823717 15 9371735 7823716
7823718 16 6898306 7823717
819 3 0 217
820 4 819 0
8722828 14 0 820
8722829 15 9371735 8722828
892 3 0 293
893 4 892 0
9628262 14 0 893
9628263 15 9371735 9628262
9628264 16 8722829 9628263
9628265 17 7823718 9628264
829 3 0 367
1960 4 829 0
650404 14 0 1960
650405 15 9371735 650404
904 3 0 444
2031 4 904 0
1670568 14 0 2031
1670569 15 9371735 1670568
1670570 16 650405 1670569
977 3 0 522
2102 4 977 0
2613744 14 0 2102
2613745 15 9371735 2613744
1050 3 0 456
2173 4 1050 0
3559217 14 0 2173
3559218 15 9371735 3559217
3559219 16 2613745 3559218
3559220 17 1670570 3559219
3559221 18 9628265 3559220
3559222 19 5589297 3559221
4400213 13 0 122944
4400214 14 9000018 4400213
2243 4 0 527
4427201 14 0 2243
4427202 15 4400214 4427201
12748 4 0 598
5283642 14 0 12748
5283643 15 4400214 5283642
5283644 16 4427202 5283643
69 4 0 218
6121656 14 0 69
6121657 15 4400214 6121656
143 4 0 294
6978090 14 0 143
6978091 15 4400214 6978090
6978092 16 6121657 6978091
6978093 17 5283644 6978092
218648 10 7615484 0
218649 11 218648 0
218650 12 218649 0
7802564 13 218650 122944
7802565 14 9000018 7802564
223 4 0 368
7829555 14 0 223
7829556 15 7802565 7829555
300 4 0 445
8667564 14 0 300
8667565 15 4400214 8667564
8667566 16 7829556 8667565
376 4 0 523
9487140 14 0 376
9487141 15 4400214 9487140
1253 4 0 601
415185 14 0 1253
415186 15 4400214 415185
415187 16 9487141 415186
415188 17 8667566 415187
415189 18 6978093 415188
1122704 12 2389378 23
1122705 13 1 1122704
1423767 14 1122705 4400213
1324 4 0 673
1450726 14 0 1324
1450727 15 1423767 1450726
1395 4 0 746
2337228 14 0 1395
2337229 15 4400214 2337228
2337230 16 1450727 2337229
1466 4 0 819
3199800 14 0 1466
3199801 15 4400214 3199800
1538 4 0 892
4067890 14 0 1538
4067891 15 4400214 4067890
4067892 16 3199801 4067891
4067893 17 2337230 4067892
1610 4 0 829
4893583 14 0 1610
4893584 15 4400214 4893583
1681 4 0 904
5750005 14 0 1681
5750006 15 4400214 5750005
5750007 16 4893584 5750006
1752 4 0 977
6587974 14 0 1752
6587975 15 4400214 6587974
1823 4 0 1050
7437603 14 0 1823
7437604 15 4400214 7437603
7437605 16 6587975 7437604
7437606 17 5750007 7437605
7437607 18 4067893 7437606
7437608 19 415189 7437607
7437609 20 3559222 7437608
7437610 21 7041979 7437609
1707244 14 0 29
1707245 15 1 1707244
9949219 20 5349516 1707245
262739 21 9949219 7437609
262740 22 7437610 262739
3382219 12 1 24
3592147 13 3382219 7602099
3973401 14 3592147 8000513
4400913 15 3973401 8428626
4888344 13 3382219 9000017
5256989 14 4888344 8000513
5283083 15 5256989 9398434
5283084 16 4400913 5283083
6121744 15 5256989 391976
6953987 15 5256989 1445040
6953988 16 6121744 6953987
6953989 17 5283084 6953988
7763459 15 5256989 2397803
8595968 15 5256989 3343267
8595969 16 7763459 8595968
9403643 15 5256989 4262412
725526 15 5256989 5589293
725527 16 9403643 725526
725528 17 8595969 725527
725529 18 6953989 725528
2086344 15 5256989 6898305
2951065 15 5256989 7823716
2951066 16 2086344 2951065
3784353 15 5256989 8722828
4631155 15 5256989 9628262
4631156 16 3784353 4631155
4631157 17 2951066 4631156
5428565 15 5256989 650404
6261814 15 5256989 1670568
6261815 16 5428565 6261814
7077137 15 5256989 2613744
7906019 15 5256989 3559217
7906020 16 7077137 7906019
7906021 17 6261815 7906020
7906022 18 4631157 7906021
7906023 19 725529 7906022
8608495 14 4888344 4400213
8635418 15 8608495 4427201
9383250 15 8608495 5283642
9383251 16 8635418 9383250
152361 15 8608495 6121656
1054295 15 8608495 6978090
1054296 16 152361 1054295
1054297 17 9383251 1054296
1855417 14 4888344 7802564
1882468 15 1855417 7829555
2663209 15 8608495 8667564
2663210 16 1882468 2663209
3429655 15 8608495 9487140
4194003 15 8608495 415185
4194004 16 3429655 4194003
4194005 17 2663210 4194004
4194006 18 1054297 4194005
4689445 13 3382219 1122704
4978217 14 4689445 4400213
5005236 15 4978217 1450726
5769568 15 8608495 2337228
5769569 16 5005236 5769568
6515448 15 8608495 3199800
7263380 15 8608495 4067890
7263381 16 6515448 7263380
7263382 17 5769569 7263381
7984698 15 8608495 4893583
8732639 15 8608495 5750005
8732640 16 7984698 8732639
9464183 15 8608495 6587974
275287 15 8608495 7437603
275288 16 9464183 275287
275289 17 8732640 275288
275290 18 7263382 275289
275291 19 4194006 275290
275292 20 7906023 275291
275293 21 9949219 275292
3307557 13 0 7602099
3688729 14 3307557 8000513
4116238 15 3688729 8428626
4321040 13 0 9000017
4689699 14 4321040 8000513
4715790 15 4689699 9398434
4715791 16 4116238 4715790
5277842 15 4689699 391976
5833626 15 4689699 1445040
5833627 16 5277842 5833626
5833628 17 4715791 5833627
6378890 15 4689699 2397803
6934908 15 4689699 3343267
6934909 16 6378890 6934908
7472142 15 4689699 4262412
8409110 15 4689699 5589293
8409111 16 7472142 8409110
8409112 17 6934909 8409111
8409113 18 5833628 8409112
9346579 15 4689699 6898305
9890831 15 4689699 7823716
9890832 16 9346579 9890831
549621 15 4689699 8722828
1145936 15 4689699 9628262
1145937 16 549621 1145936
1145938 17 9890832 1145937
1708064 15 4689699 650404
2276892 15 4689699 1670568
2276893 16 1708064 2276892
2824703 15 4689699 2613744
3381792 15 4689699 3559217
3381793 16 2824703 3381792
3381794 17 2276893 3381793
3381795 18 1145938 3381794
3381796 19 8409113 3381795
3851821 14 4321040 4400213
3879128 15 3851821 4427201
4367256 15 3851821 5283642
4367257 16 3879128 4367256
4837444 15 3851821 6121656
5315327 15 3851821 6978090
5315328 16 4837444 5315327
5315329 17 4367257 5315328
5786902 14 4321040 7802564
5814209 15 5786902 7829555
6292084 15 3851821 8667564
6292085 16 5814209 6292084
6759717 15 3851821 9487140
7237601 15 3851821 415185
7237602 16 6759717 7237601
7237603 17 6292085 7237602
7237604 18 5315329 7237603
7460969 13 0 1122704
7743600 14 7460969 4400213
7770844 15 7743600 1450726
8248666 15 3851821 2337228
8248667 16 7770844 8248666
8708544 15 3851821 3199800
9176114 15 3851821 4067890
9176115 16 8708544 9176114
9176116 17 8248667 9176115
9623210 15 3851821 4893583
119156 15 3851821 5750005
119157 16 9623210 119156
695493 15 3851821 6587974
1202619 15 3851821 7437603
1202620 16 695493 1202619
1202621 17 119157 1202620
1202622 18 9176116 1202621
1202623 19 7237604 1202622
1202624 20 3381796 1202623
1202625 21 9949219 1202624
1202626 22 275293 1202625
1202627 23 262740 1202626
1202628 24 3207857 1202627
6977986 14 29 0
6977987 15 0 6977986
7360491 17 0 6977987
7360492 18 7360491 0
31 14 1 0
8157248 15 0 31
9617181 17 8157248 6977987
9617182 18 9617181 0
9617183 19 7360492 9617182
842033 16 6977987 8157248
1604744 17 842033 6977987
3498511 14 28 0
3498512 15 0 3498511
3875395 17 8157248 3498512
3875396 18 1604744 3875395
405562 17 6977987 0
5959804 18 6977987 405562
5959805 19 3875396 5959804
5959806 20 9617183 5959805
6068331 12 24 0
6068332 13 6068331 0
6068333 14 6068332 0
4980854 11 1 23
7645289 12 0 4980854
6231165 13 0 7645289
6231166 14 0 6231165
6231167 15 6068333 6231166
3028026 21 5959806 6231167
4671788 17 3498512 0
4671789 18 7360491 4671788
6883929 19 4671789 9617182
3110628 20 6883929 5959805
9839246 21 3110628 6231167
9839247 22 3028026 9839246
1503651 17 3498512 6977987
2222514 18 1503651 4671788
4421901 19 2222514 9617182
404516 20 4421901 5959805
7136246 21 404516 6231167
4290180 22 7136246 9839246
4290181 23 9839247 4290180
4394617 12 0 24
4394618 13 0 4394617
4394619 14 0 4394618
4394620 15 0 4394619
5426940 14 0 28
5426941 15 0 5426940
7879746 19 4394620 5426941
3522873 20 7879746 5426941
3522874 21 3522873 0
4362482 21 5426941 0
4362483 22 3522874 4362482
6024344 23 4362483 4362482
6024345 24 4290181 6024344
6024346 30 1202628 6024345
1347 4 1 527
1170639 9 1 1347
1779083 14 0 1170639
1779084 15 1779083 0
1803950 4 1 598
1818178 9 1 1803950
2415109 14 0 1818178
2415110 15 2415109 0
2415111 16 1779084 2415110
2438923 4 1 218
2452911 9 1 2438923
3038307 14 0 2452911
3038308 15 3038307 0
3062648 4 1 294
3076641 9 1 3062648
3662086 14 0 3076641
3662087 15 3662086 0
3662088 16 3038308 3662087
3662089 17 2415111 3662088
3684843 4 1 368
3698592 9 1 3684843
4272461 14 0 3698592
4272462 15 4272461 0
4296271 4 1 445
4310019 9 1 4296271
4883887 14 0 4310019
4883888 15 4883887 0
4883889 16 4272462 4883888
4907172 4 1 523
4920920 9 1 4907172
5494791 14 0 4920920
5494792 15 5494791 0
5518601 4 1 601
5532349 9 1 5518601
6106219 14 0 5532349
6106220 15 6106219 0
6106221 16 5494792 6106220
6106222 17 4883889 6106221
6106223 18 3662089 6106222
6127920 4 1 673
6141428 9 1 6127920
6703759 14 0 6141428
6703760 15 6703759 0
6727041 4 1 746
6740550 9 1 6727041
7302898 14 0 6740550
7302899 15 7302898 0
7302900 16 6703760 7302899
7325652 4 1 819
7339160 9 1 7325652
7901516 14 0 7339160
7901517 15 7901516 0
7924803 4 1 892
7938311 9 1 7924803
8500685 14 0 7938311
8500686 15 8500685 0
8500687 16 7901517 8500686
8500688 17 7302900 8500687
8522911 4 1 829
8536419 9 1 8522911
9098761 14 0 8536419
9098762 15 9098761 0
9122043 4 1 904
9135551 9 1 9122043
9697899 14 0 9135551
9697900 15 9697899 0
9697901 16 9098762 9697900
9720653 4 1 977
9734166 9 1 9720653
359779 14 0 9734166
359780 15 359779 0
387816 4 1 1050
402856 9 1 387816
1016493 14 0 402856
1016494 15 1016493 0
1016495 16 359780 1016494
1016496 17 9697901 1016495
1016497 18 8500688 1016496
1016498 19 6106223 1016497
1016499 20 1016498 0
1042264 9 3109727 0
1834410 14 1042264 29
1834411 15 0 1834410
2235316 15 0 1707244
2235317 16 1834411 2235316
2612215 16 0 2235316
2612216 17 2235317 2612215
2819110 14 0 7615484
3195993 15 2819110 1707244
4838664 18 2612216 3195993
2819111 15 2819110 0
7620065 18 3195993 2819111
7620066 19 4838664 7620065
3384450 16 3195993 2819111
8635989 17 3384450 2819111
9307773 18 8635989 2819111
1107084 20 7620066 9307773
1107085 21 1016499 1107084
10 4 0 1
1110184 5 10 1
1114136 6 1110184 1
1121861 7 1114136 1
1136957 8 1121861 1
1136958 9 1136957 0
1521596 14 0 1136958
1521597 15 1521596 0
1524113 5 1 10
1527698 6 1524113 1
1534742 7 1527698 1
1548567 8 1534742 1
1548568 9 1548567 0
1918857 14 0 1548568
1918858 15 1918857 0
1918859 16 1521597 1918858
1924673 6 1 1110184
1931650 7 1924673 1
1945349 8 1931650 1
1945350 9 1945349 0
2308819 14 0 1945350
2308820 15 2308819 0
2314286 6 1 1524113
2321199 7 2314286 1
2334775 8 2321199 1
2334776 9 2334775 0
2697650 14 0 2334776
2697651 15 2697650 0
2697652 16 2308820 2697651
2697653 17 1918859 2697652
2709515 7 1 1114136
2722956 8 2709515 1
2722957 9 2722956 0
3081974 14 0 2722957
3081975 15 3081974 0
3093631 7 1 1527698
3107072 8 3093631 1
3107073 9 3107072 0
3466135 14 0 3107073
3466136 15 3466135 0
3466137 16 3081975 3466136
3477382 7 1 1924673
3490823 8 3477382 1
3490824 9 3490823 0
3849837 14 0 3490824
3849838 15 3849837 0
3860920 7 1 2314286
3874361 8 3860920 1
3874362 9 3874361 0
4233358 14 0 3874362
4233359 15 4233358 0
4233360 16 3849838 4233359
4233361 17 3466137 4233360
4233362 18 2697653 4233361
4257049 8 1 1121861
4257050 9 4257049 0
4612458 14 0 4257050
4612459 15 4612458 0
4636215 8 1 1534742
4636216 9 4636215 0
4991624 14 0 4636216
4991625 15 4991624 0
4991626 16 4612459 4991625
5014867 8 1 1931650
5014868 9 5014867 0
5367110 14 0 5014868
5367111 15 5367110 0
5390096 8 1 2321199
5390097 9 5390096 0
5741676 14 0 5390097
5741677 15 5741676 0
5741678 16 5367111 5741677
5741679 17 4991626 5741678
5763834 8 1 2709515
5763835 9 5763834 0
6115396 14 0 5763835
6115397 15 6115396 0
6137874 8 1 3093631
6137875 9 6137874 0
6489435 14 0 6137875
6489436 15 6489435 0
6489437 16 6115397 6489436
6511269 8 1 3477382
6511270 9 6511269 0
6862819 14 0 6511270
6862820 15 6862819 0
6884782 8 1 3860920
6884783 9 6884782 0
7236347 14 0 6884783
7236348 15 7236347 0
7236349 16 6862820 7236348
7236350 17 6489437 7236349
7236351 18 5741679 7236350
7236352 19 4233362 7236351
7236353 20 7236352 0
8653610 14 1042264 1
8653611 15 2819110 8653610
9628559 15 2819110 30
9628560 16 8653611 9628559
861440 16 2819111 9628559
861441 17 9628560 861440
4623998 18 861441 9628559
7484020 19 4623998 7620065
713468 16 9628559 3195993
1094438 17 713468 2819111
1819522 18 1094438 2819111
1819523 19 9307773 1819522
1819524 20 7484020 1819523
1819525 21 7236353 1819524
1819526 22 1107085 1819525
21 9 1 0
2233657 14 0 21
2233658 15 2233657 0
7378819 20 2233658 0
8582691 15 0 8653610
9352232 15 0 30
9352233 16 8582691 9352232
139510 16 0 9352232
139511 17 9352233 139510
4026396 18 139511 9628559
6893848 19 4026396 7620065
1082090 20 6893848 1819523
1082091 21 7378819 1082090
5572982 21 0 1819524
5572983 22 1082091 5572982
5572984 23 1819526 5572983
5572985 24 0 5572984
6597179 12 25 0
5489682 12 241005 0
6651458 13 6597179 5489682
6651459 14 6651458 0
6651460 15 6651459 0
651593 21 0 6651460
1094007 16 6977987 0
1094008 17 1094007 0
1094009 18 1094008 0
1094010 19 1094009 0
1094011 20 0 1094010
4981687 21 1094011 6651460
4981688 22 651593 4981687
2877789 23 4981688 4981687
3016034 12 4980854 0
3016035 13 3016034 0
3681120 13 1 11
3681121 14 3016035 3681120
4521439 15 3681121 31
8514743 15 3681121 3498511
8514744 16 4521439 8514743
8514745 17 4521439 8514744
1114478 15 3681121 6977986
1114479 16 4521439 1114478
4108868 17 1114479 4521439
4108869 18 8514745 4108868
696800 15 3681121 0
5863231 16 1114478 696800
7230471 17 5863231 696800
9292095 16 696800 4521439
792779 17 9292095 696800
792780 18 7230471 792779
792781 19 4108869 792780
1371742 13 3016034 1
1973972 14 1371742 3681120
1973973 15 1973972 0
3405826 13 3016034 11
3995764 14 3405826 3681120
4413625 15 3995764 3498511
5499345 16 4413625 8514743
5499346 17 1973973 5499345
9688332 18 5499346 8514743
15 6 1 0
16910 7 15 0
16911 8 16910 0
48668 9 16911 0
478737 13 48668 0
478738 14 478737 0
478739 15 3681121 478738
2429347 13 48668 1
2429348 14 2429347 0
2429349 15 3681121 2429348
3545749 16 2429349 8514743
3545750 17 478739 3545749
7806479 18 3545750 2429349
7806480 19 9688332 7806479
7806481 20 792781 7806480
8617317 15 31 0
1006808 21 7806481 8617317
1006809 22 0 1006808
6042959 17 8514744 696800
9461692 18 6042959 792779
9461693 19 4108869 9461692
2800879 15 3995764 0
3532202 16 2800879 696800
3532203 17 1973973 3532202
7085070 17 8514743 696800
7085071 18 3532203 7085070
8436373 16 478739 696800
9804688 17 478739 8436373
3672686 17 2429349 478739
3672687 18 9804688 3672686
3672688 19 7085071 3672687
3672689 20 9461693 3672688
6836505 21 3672689 8617317
2815166 17 8514744 8514743
6369011 18 2815166 792779
6369012 19 4108869 6369011
7881724 15 1973972 3498511
1078627 17 7881724 3532202
5418022 18 1078627 8514743
8953290 17 2429349 8436373
3482595 18 8953290 2429349
3482596 19 5418022 3482595
3482597 20 6369012 3482596
6648136 21 3482597 8617317
6648137 22 6836505 6648136
6648138 23 1006809 6648137
6648139 24 2877789 6648138
6648140 30 5572985 6648139
6648141 29 6024346 6648140
8670518 24 11 0
8670519 30 1 8670518
63 30 1 0
8670520 29 8670519 63
6648142 28 6648141 8670520
2262396 11 2255587 2255588
2262397 12 2262396 0
2275435 12 2255587 0
2275436 13 2262397 2275435
2310068 13 2262397 2255587
2310069 14 2275436 2310068
2275437 14 2275436 0
2332022 15 2310069 2275437
2332023 16 2332022 0
2332024 17 2332023 0
2332025 18 2332024 0
2332026 19 2332025 0
2332027 20 2332026 0
2332028 21 2332027 0
2455161 16 0 2332022
2455162 17 0 2455161
2455163 18 0 2455162
2455164 19 0 2455163
2455165 20 0 2455164
2455166 21 2455165 0
2511169 23 2332028 2455166
2579400 14 2255587 2255588
2259028 11 2255587 0
2587846 12 2259028 2255589
2596487 14 2587846 0
2596488 15 2579400 2596487
2596489 16 2596488 0
2596490 17 2596489 0
2596491 18 2596490 0
2596492 19 2596491 0
2596493 20 2596492 0
2758418 14 2587846 2275435
2758419 15 2579400 2758418
2758420 16 2758419 0
2758421 17 2758420 0
2758422 18 2758421 0
2758423 19 2758422 0
2758424 20 2758423 0
2846490 22 2596493 2758424
2906966 16 0 2596488
2906967 17 0 2906966
2906968 18 0 2906967
2906969 19 0 2906968
2906970 20 0 2906969
3067099 16 0 2758419
3067100 17 0 3067099
3067101 18 0 3067100
3067102 19 0 3067101
3067103 20 0 3067102
3155177 22 2906970 3067103
3155178 23 2846490 3155177
3155179 24 2511169 3155178
7231676 13 2275435 2255587
7231677 14 2275435 7231676
7194621 14 2275435 0
7256777 15 7231677 7194621
7256778 16 7256777 0
7256779 17 7256778 0
7256780 18 7256779 0
7256781 19 7256780 0
7256782 20 7256781 0
7256783 21 7256782 0
7394768 16 0 7256777
7394769 17 0 7394768
7394770 18 0 7394769
7394771 19 0 7394770
7394772 20 0 7394771
7394773 21 7394772 0
7457513 23 7256783 7394773
8098340 24 7457513 3155178
8098341 30 3155179 8098340
2924915 23 6482206 2255587
1898263 16 1208369 2255587
2273472 17 1898263 2255587
2992822 18 2273472 2255587
4367707 19 2992822 2255587
6984643 20 4367707 2255587
2253137 21 6984643 2255587
3365553 23 2253137 2255587
5058413 30 2924915 3365553
5058414 29 8098341 5058413
8984743 10 0 2255587
8984744 11 8258820 8984743
8995444 11 2255587 8984743
8995445 12 8984744 8995444
9015959 13 8995445 8995444
9055545 14 9015959 8995444
9279934 16 9055545 8995444
9561019 17 9279934 8995444
118305 18 9561019 8995444
1202314 19 118305 8995444
3190997 20 1202314 8995444
3275583 21 3190997 4328505
397065 21 3190997 356705
4467898 23 3275583 397065
5586366 13 42028 2255587
5631433 14 5586366 2255587
5719507 15 5631433 2255587
5891566 16 5719507 2255587
6227467 17 5891566 2255587
6882899 18 6227467 2255587
8160998 19 6882899 2255587
803568 20 8160998 2255587
6027018 21 803568 2255587
6516509 23 624777 6027018
6516510 24 4467898 6516509
2460044 23 397065 0
3578068 23 5609441 0
3578069 24 2460044 3578068
3578070 30 6516510 3578069
3578071 29 0 3578070
3578072 28 5058414 3578071
3578073 27 6648142 3578072
3578074 26 3078116 3578073
8181477 10 1131 0
153636 11 1131 8181477
345505 12 1131 153636
713632 13 1131 345505
713633 14 1131 713632
5899027 11 8181477 1131
5899028 12 153636 5899027
5899029 13 345505 5899028
5899030 14 713632 5899029
5899031 15 713633 5899030
6772085 22 5899031 0
9932593 22 3109727 0
9932594 23 6772085 9932593
4950460 15 3109727 0
501280 21 4950460 0
2251835 22 501280 0
3401751 24 9932594 2251835
766468 23 2251835 0
7761459 24 9932594 766468
7761460 30 3401751 7761459
8942834 23 6772085 0
766469 24 8942834 766468
210185 5 1131 3109727
210186 6 3109727 210185
178450 5 3109727 1131
217234 6 178450 3109727
217235 7 210186 217234
230974 7 217234 210186
230975 8 217235 230974
230976 9 3109727 230975
1194827 10 230976 0
1292090 11 230976 1194827
1482118 12 230976 1292090
1848056 13 230976 1482118
2562694 14 230976 1848056
3790518 11 1194827 230976
3790519 12 1292090 3790518
3790520 13 1482118 3790519
3790521 14 1848056 3790520
3790522 15 2562694 3790521
9832274 22 3790522 0
3191432 23 9832274 9932593
3191433 24 3191432 0
3191434 30 766469 3191433
3191435 29 7761460 3191434
3191436 28 0 3191435
8181478 11 8181477 0
8354284 12 1131 8181478
8684767 21 4950460 8354284
501281 22 8684767 501280
2251836 23 501281 2251835
2251837 24 4950460 2251836
22074 12 3109727 3157329
7497716 21 4950460 22074
9244731 22 7497716 501280
966734 23 9244731 2251835
966735 24 4950460 966734
1683521 15 230976 0
3620789 21 1683521 4950460
1393465 24 3620789 966734
1393466 30 966735 1393465
1393467 29 2251837 1393466
833108 13 3157330 0
833109 14 833108 0
833110 15 833109 0
1963055 21 833110 0
1963056 22 1963055 0
2042788 11 3109727 0
3560691 21 2042788 0
3662815 11 0 3109727
3662816 12 3662815 0
3849192 12 3109727 0
3849193 13 3662816 3849192
3849194 14 3849193 0
3849195 15 3849194 0
789956 21 3849195 0
789957 22 3560691 789956
789958 23 1963056 789957
7437147 21 3109727 0
7437148 22 7437147 0
7437149 23 7437148 0
7437150 24 789958 7437149
1527601 11 3109727 3157328
1619004 12 1527601 2042788
1619005 13 1619004 0
1619006 14 1619005 0
1619007 15 1619006 0
1619008 16 1619007 0
1619009 17 1619008 0
1619010 18 1619009 0
1619011 19 1619010 0
1619012 20 1619011 0
1619013 21 1619012 0
1619014 22 3560691 1619013
1619015 23 1963056 1619014
1619016 24 1619015 0
1619017 30 7437150 1619016
3041 5 0 11
9104995 6 11 3041
1057 5 11 0
9107426 6 1057 11
9107427 7 9104995 9107426
9112211 7 9107426 9104995
9112212 8 9107427 9112211
9112213 9 11 9112212
9112214 10 9112213 0
8971009 21 9112214 0
8971010 22 1963055 8971009
8971011 23 8971010 0
8971012 24 8971011 0
4375346 29 1619017 8971012
4375347 28 1393467 4375346
4375348 27 3191436 4375347
8250040 28 0 63
3316119 12 241005 23
3521177 13 3316119 23
3859518 15 3521177 0
4117435 12 3053954 23
4264608 10 1 3109727
4264609 11 23 4264608
4412056 13 4117435 4264609
4756979 14 4412056 3521177
4756980 15 4756979 0
4756981 16 3859518 4756980
6407210 17 4756981 4756980
6866548 12 23 4264609
6866549 13 4117435 6866548
7203465 14 6866549 3521177
7203466 15 7203465 0
8021430 16 7203466 4756980
9597244 17 8021430 4756980
9597245 18 6407210 9597244
572180 11 22 1
572181 12 1 572180
899874 13 572181 3382219
459537 11 22 0
1113893 12 3053954 459537
1273978 12 25 459537
1273979 13 1113893 1273978
1273980 14 899874 1273979
1273981 15 1 1273980
1959213 12 1 3053954
1959214 13 3053954 1959213
2741773 13 1959213 1
2741774 14 1959214 2741773
515859 11 22 23
515860 12 1 515859
3836541 13 515860 1273978
3836542 14 899874 3836541
3836543 15 2741774 3836542
3836544 16 1273981 3836543
5272403 12 3053954 22
5475166 12 3053954 3108224
5475167 13 5272403 5475166
5819258 14 5475167 1273979
5819259 15 3053954 5819258
7703488 17 3836544 5819259
5424664 18 7703488 5819259
425617 19 5424664 5819259
1131121 12 3053954 1
1131122 13 3053954 1131121
1751714 14 1131122 3053954
2275312 12 1 3108224
2275313 13 5272403 2275312
2626588 14 2275313 1273979
2626589 15 1751714 2626588
4357956 13 5272403 3382219
4702043 14 4357956 1273979
4702044 15 3053954 4702043
4702045 16 2626589 4702044
8449965 17 4702045 5819259
6153365 18 8449965 5819259
1272237 19 6153365 5819259
1272238 20 425617 1272237
1272239 21 9597245 1272238
1490342 12 22 515859
1708464 13 1490342 515859
1763756 11 0 23
1763757 12 0 1763756
1872302 13 1763757 1763756
1872303 14 1708464 1872302
1872304 15 1872303 0
9290959 13 241005 0
9290960 14 1 9290959
9290961 15 2741773 9290960
1530043 14 3053954 9290959
1530044 15 2741774 1530043
1530045 16 9290961 1530044
3423144 15 3053954 1530043
5226776 17 1530045 3423144
2455630 18 5226776 3423144
6738136 19 2455630 3423144
8664509 14 1959214 9290959
8664510 15 1751714 8664509
525418 13 3053954 1
634988 14 525418 9290959
634989 15 3053954 634988
634990 16 8664510 634989
4401408 17 634990 3423144
1573259 18 4401408 3423144
5576280 13 23 0
5576281 14 1 5576280
5576282 15 3053954 5576281
5576283 16 3423144 5576282
9048578 17 5576283 3423144
6346943 18 9048578 3423144
6346944 19 1573259 6346943
6346945 20 6738136 6346944
6346946 21 1872304 6346945
6346947 22 1272239 6346946
6673586 15 1872302 0
5576849 12 1 4980854
7745788 12 1763756 515859
7745789 13 5576849 7745788
7745790 14 1 7745789
7745791 15 2741773 7745790
9061718 13 1959213 3053954
9061719 14 1959214 9061718
235506 12 0 459537
235507 13 122944 235506
235508 14 1 235507
235509 15 9061719 235508
235510 16 7745791 235509
512270 12 3053954 25
2417242 13 512270 235506
2417243 14 3053954 2417242
2417244 15 3053954 2417243
4434793 17 235510 2417244
2420499 18 4434793 2417244
8250312 19 2420499 2417244
9964785 20 8250312 2417244
9964786 21 6673586 9964785
139688 12 22 459537
194987 13 139688 235506
194988 14 194987 0
194989 15 194988 0
5429268 13 3108225 0
5429269 14 5429268 0
5489683 13 0 5489682
5489684 14 0 5489683
5489685 15 5429269 5489684
7746678 12 23 1763756
7746679 13 1763756 7746678
7746680 14 0 7746679
7746681 15 5429269 7746680
8047755 14 1763756 5489683
8047756 15 5429269 8047755
8047757 16 7746681 8047756
8219792 17 8047757 5489685
8555714 18 8219792 5489685
8555715 19 5489685 8555714
8555716 20 5489685 8555715
8555717 21 194989 8555716
8555718 22 9964786 8555717
8555719 23 6346947 8555718
8753147 12 459537 4980854
8853499 13 8753147 459537
9728040 12 459537 22
9728041 13 459537 9728040
9728042 14 8853499 9728041
9728043 15 8853499 9728042
7695465 13 7645289 235506
7695466 14 8853499 7695465
8005765 12 22 1
62484 12 459537 0
8054922 13 8005765 62484
8054923 14 8054922 0
8054924 15 7695466 8054923
3665909 19 9728043 8054924
4524057 12 459537 3108224
4524058 13 0 4524057
4524059 14 8054922 4524058
4524060 15 7695466 4524059
7446194 20 3665909 4524060
4933499 21 7446194 4524060
5157739 13 0 23
5047145 12 23 0
5684119 13 5047145 23
5893031 14 5684119 5576280
5893032 15 5157739 5893031
6961500 22 4933499 5893032
7070028 12 0 23
7262551 13 7070028 23
8128914 14 23 5576280
8128915 15 7262551 8128914
7435124 22 8128915 0
7435125 23 6961500 7435124
7435126 24 8555719 7435125
9090756 12 3053954 2389378
9336098 12 4264609 23
9336099 13 9090756 9336098
9674786 14 9336099 3521177
9674787 15 9674786 0
9674788 16 3859518 9674787
1526303 17 9674788 9674787
4806583 18 1526303 9674787
5305585 13 9090756 6866548
5642546 14 5305585 3521177
5642547 15 5642546 0
6466321 16 5642547 9674787
8047908 17 6466321 9674787
1402144 18 8047908 9674787
1402145 19 4806583 1402144
5924902 14 1 572180
6550629 12 572180 24
6550630 13 572181 6550629
6862986 13 1113893 459537
6862987 14 6550630 6862986
6862988 15 5924902 6862987
8012322 13 22 572180
8012323 14 1959214 8012322
9005754 13 515860 459537
9005755 14 6550630 9005754
9005756 15 8012323 9005755
9005757 16 6862988 9005756
9967566 14 3053954 22
425318 12 22 3108224
425319 13 5272403 425318
748305 14 425319 6862986
748306 15 9967566 748305
2479834 17 9005757 748306
8741541 18 2479834 748306
1656380 19 8741541 748306
2708645 14 1131122 22
3166452 12 572180 3108224
3166453 13 5272403 3166452
3467576 14 3166453 6862986
3467577 15 2708645 3467576
4899929 13 5272403 6550629
5194875 14 4899929 6862986
5194876 15 9967566 5194875
5194877 16 3467577 5194876
8324827 17 5194877 748306
4884174 18 8324827 748306
7558961 19 4884174 748306
7558962 20 1656380 7558961
7558963 21 1402145 7558962
4340560 12 572180 22
4653964 13 4340560 572180
4653965 14 2741773 4653964
5327851 13 572181 572180
5643298 14 5327851 6862986
5643299 15 4653965 5643298
7839042 14 5327851 9005754
7839043 15 8012323 7839042
7839044 16 5643299 7839043
9246239 13 5272403 22
9541185 14 9246239 6862986
9541186 15 9967566 9541185
1369105 17 7839044 9541186
7929885 18 1369105 9541186
1117521 19 7929885 9541186
2725799 13 5272403 4340560
3026891 14 2725799 6862986
3026892 15 2708645 3026891
4525320 13 5272403 572180
4820280 14 4525320 6862986
4820281 15 9967566 4820280
4820282 16 3026892 4820281
8065161 17 4820282 9541186
4809099 18 8065161 9541186
8381686 15 9967566 7839042
8381687 16 9541186 8381686
1842797 17 8381687 9541186
8335503 18 1842797 9541186
8335504 19 4809099 8335503
8335505 20 1117521 8335504
8335506 21 1872304 8335505
8335507 22 7558963 8335506
9225421 13 515860 7745788
9225422 14 5327851 9225421
9225423 15 4653965 9225422
331022 14 1959214 22
6844936 12 1 459537
1371030 13 6844936 235506
1371031 14 5327851 1371030
1371032 15 331022 1371031
1371033 16 9225423 1371032
3120769 13 1113893 235506
3120770 14 9246239 3120769
3120771 15 9967566 3120770
4737170 17 1371033 3120771
1117057 18 4737170 3120771
3991879 19 1117057 3120771
5749335 14 2725799 3120769
5749336 15 2708645 5749335
7458367 14 4525320 3120769
7458368 15 9967566 7458367
7458369 16 5749336 7458368
658061 17 7458369 3120771
7129533 18 658061 3120771
9725730 19 7129533 3120771
9725731 20 3991879 9725730
9725732 21 6673586 9725731
107945 13 1490342 7745788
274879 14 107945 1872302
274880 15 274879 0
4132341 12 3108224 572180
4132342 13 3108224 4132341
4391455 13 22 1763757
4391456 14 4132342 4391455
4603458 12 572180 1763756
4762214 12 1763756 24
4762215 13 4603458 4762214
5023371 12 572180 515859
5181085 13 5023371 7745788
5181086 14 4762215 5181085
5181087 15 4391456 5181086
5419716 12 3108224 22
5419717 13 3108224 5419716
4343319 13 22 0
5620466 14 5419717 4343319
6166337 14 4762215 194987
6166338 15 5620466 6166337
6166339 16 5181087 6166338
236712 12 22 0
6728578 13 236712 3108225
6925214 14 6728578 194987
6925215 15 5620466 6925214
7674898 17 6166339 6925215
665832 18 7674898 6925215
6460069 19 665832 6925215
3167115 14 6728578 5181085
3167116 15 5620466 3167115
4138328 16 3167116 6166338
5580377 17 4138328 6925215
8361565 18 5580377 6925215
8361566 19 6925215 8361565
8361567 20 6460069 8361566
8361568 21 274880 8361567
8361569 22 9725732 8361568
8361570 23 8335507 8361569
7727431 12 22 23
7776595 13 7727431 62484
7776596 14 7776595 0
7776597 15 7695466 7776596
7727432 13 7727431 0
7727433 14 7727432 0
7727434 15 7695466 7727433
8419742 16 7776597 7727434
9671298 17 8419742 7727434
2396668 18 9671298 7727434
2396669 19 9728043 2396668
3191705 14 7776595 4524058
3191706 15 7695466 3191705
3937318 14 7727432 4524058
3937319 15 7695466 3937318
3937320 16 3191706 3937319
5401877 17 3937320 3937319
8222048 18 5401877 3937319
4123673 19 8222048 3937319
4123674 20 2396669 4123673
7090300 20 4123673 3937319
7090301 21 4123674 7090300
7391394 12 4980854 459537
7391395 13 459537 7391394
7487681 14 7391395 235506
8008958 13 23 4524057
8008959 14 5047145 8008958
8008960 15 7487681 8008959
9056752 22 7090301 8008960
9261572 13 7070028 5047145
9165307 13 7070028 0
9363988 14 9261572 9165307
9654848 13 23 5047145
9843302 14 9654848 5576280
9843303 15 9363988 9843302
604872 14 9165307 0
5193546 15 9165307 604872
3196630 21 5193546 0
3196631 22 9843303 3196630
3196632 23 9056752 3196631
3196633 24 8361570 3196632
3196634 30 7435126 3196633
5058259 14 23 0
5058260 15 5058259 0
7542192 14 2741773 1
8117722 12 3053954 1763756
8117723 13 572181 8117722
8276454 12 241005 22
8383971 13 8276454 4524057
8383972 14 8117723 8383971
8383973 15 7542192 8383972
9729653 14 525418 9061718
384587 12 1 1763756
384588 13 572181 384587
663136 12 23 572180
773736 13 663136 4524057
773737 14 384588 773736
773738 15 9729653 773737
773739 16 8383973 773738
2451261 13 5272403 3053955
2708316 14 2451261 8383971
2708317 15 3053954 2708316
4480079 17 773739 2708317
1474613 18 4480079 2708317
5468174 19 1474613 2708317
7120047 13 5272403 27
7365836 14 7120047 8383971
7365837 15 1751714 7365836
9126389 15 3053954 7365836
9126390 16 7365837 9126389
2834582 17 9126390 2708317
9638968 18 2834582 2708317
3847119 19 9638968 2708317
3847120 20 5468174 3847119
3847121 21 5058260 3847120
3949514 12 0 22
4049871 13 3949514 4524057
4049872 14 4049871 0
4049873 15 4049872 0
1419185 12 3053954 515859
1419186 13 515860 1419185
879677 13 5489682 0
1471418 14 1419186 879677
1471419 15 7542192 1471418
2920347 14 525418 1959213
3374055 14 1113893 879677
3374056 15 2920347 3374055
3374057 16 1471419 3374056
4988481 15 3053954 3374055
6543075 17 3374057 4988481
2857971 18 6543075 4988481
5195988 19 2857971 4988481
6844937 13 1113893 6844936
6893072 14 6844937 879677
6893073 15 1751714 6893072
8466115 15 3053954 6893072
8466116 16 6893073 8466115
1718521 17 8466116 4988481
7840952 18 1718521 4988481
1280701 13 7746678 0
1280702 14 515860 1280701
1280703 15 3053954 1280702
1280704 16 4988481 1280703
4506932 17 1280704 4988481
620782 18 4506932 4988481
620783 19 7840952 620782
620784 20 5195988 620783
620785 21 4049873 620784
620786 22 3847121 620785
2164182 14 525418 2741773
2943561 12 23 515859
3051081 12 459537 1763756
3051082 13 2943561 3051081
3051083 14 1419186 3051082
3051084 15 2164182 3051083
4908897 13 1419185 515860
2889275 12 23 459537
5160822 13 2889275 3051081
5160823 14 4908897 5160822
5160824 15 9729653 5160823
5160825 16 3051084 5160824
6789205 12 241005 459537
6839382 13 6789205 62484
6839383 14 1113893 6839382
6839384 15 3053954 6839383
8476970 17 5160825 6839384
5221890 18 8476970 6839384
8244588 19 5221890 6839384
4679897 20 8244588 6839384
4679898 21 0 4679897
4781265 13 235506 62484
4781266 14 4781265 0
4781267 15 4781266 0
7397854 15 5429269 0
8572524 13 1763756 1763757
8572525 14 0 8572524
8572526 15 5429269 8572525
8828545 13 0 1763757
8828546 14 1872302 8828545
8828547 15 5429269 8828546
8828548 16 8572526 8828547
8914566 17 8828548 7397854
9078416 18 8914566 7397854
9078417 19 7397854 9078416
9078418 20 7397854 9078417
9078419 21 4781267 9078418
9078420 22 4679898 9078419
9078421 23 620786 9078420
9219721 13 459537 62484
9417372 14 459537 9219721
9805509 15 459537 9417372
5294343 13 22 62484
5294344 14 5294343 0
5294345 15 459537 5294344
9288770 19 9805509 5294345
9940089 14 5294343 4524058
9940090 15 459537 9940089
9917146 20 9288770 9940090
1382381 21 9917146 9940090
1923090 13 0 5047145
1923091 14 1923090 0
1923092 15 5047145 1923091
8974477 22 1382381 1923092
6545174 22 1923092 0
6545175 23 8974477 6545174
6545176 24 9078421 6545175
5921342 15 23 0
33 15 1 0
7588740 16 5921342 33
730127 17 7588740 33
6806072 18 730127 33
8670434 19 6806072 33
3388968 12 572180 1
3740275 14 2741773 3388968
4261573 12 22 1763756
4261574 13 572181 4261573
4525824 14 4261574 8383971
4525825 15 3740275 4525824
5431204 12 22 3053954
5682141 14 1131122 5431204
6231085 13 572181 4603458
6595680 14 6231085 773736
6595681 15 5682141 6595680
6595682 16 4525825 6595681
7646411 14 3053954 5431204
7993609 13 5272403 236712
8239406 14 7993609 8383971
8239407 15 7646411 8239406
9818737 17 6595682 8239407
6428861 18 9818737 8239407
9043029 19 6428861 8239407
605642 12 572180 0
605643 13 5272403 605642
873987 14 605643 8383971
873988 15 5682141 873987
2668611 15 7646411 873987
2668612 16 873988 2668611
5905690 17 2668612 8239407
2403487 18 5905690 8239407
5176488 19 2403487 8239407
5176489 20 9043029 5176488
5176490 21 8670434 5176489
2738224 13 515860 1490342
3001435 14 2738224 8383971
3001436 15 3740275 3001435
4725210 13 515860 5023371
5089812 14 4725210 773736
5089813 15 5682141 5089812
5089814 16 3001436 5089813
6489876 13 1113893 139688
6735691 14 6489876 8383971
6735692 15 7646411 6735691
8333419 17 5089814 6735692
4909185 18 8333419 6735692
7590898 19 4909185 6735692
9060608 12 572180 459537
9060609 13 1113893 9060608
9301303 14 9060609 8383971
9301304 15 5682141 9301303
1107006 15 7646411 9301303
1107007 16 9301304 1107006
4447784 17 1107007 6735692
783853 18 4447784 6735692
4507553 15 7646411 5089812
4507554 16 6735692 4507553
7627340 17 4507554 6735692
4133363 18 7627340 6735692
4133364 19 783853 4133363
4133365 20 7590898 4133364
4133366 21 4049873 4133365
4133367 22 5176490 4133366
5133988 12 572180 3053954
5493496 13 5133988 3388968
5493497 14 525418 5493496
6316915 14 2738224 3051082
6316916 15 5493497 6316915
7921699 13 1419185 5023371
8168520 14 7921699 5160822
8168521 15 5682141 8168520
8168522 16 6316916 8168521
9614692 14 6489876 6839382
9614693 15 7646411 9614692
1303464 17 8168522 9614693
7293541 18 1303464 9614693
9158970 19 7293541 9614693
894435 14 9060609 6839382
894436 15 5682141 894435
2583606 15 7646411 894435
2583607 16 894436 2583606
5629787 17 2583607 9614693
1708620 18 5629787 9614693
3728785 19 1708620 9614693
3728786 20 9158970 3728785
3728787 21 0 3728786
7229433 13 4603458 1763757
7492667 13 7745788 3051081
7492668 14 7229433 7492667
7492669 15 4391456 7492668
8182957 13 4261573 1763756
8330435 13 235506 3051081
8330436 14 8182957 8330435
8330437 15 5620466 8330436
8330438 16 7492669 8330437
7121871 13 236712 0
8929607 14 7121871 4781265
8929608 15 5620466 8929607
9528766 17 8330438 8929608
2059038 18 9528766 8929608
6618461 19 2059038 8929608
1991092 14 7121871 7492667
1991093 15 5620466 1991092
2821705 16 1991093 8330437
3996497 17 2821705 8929608
6281438 18 3996497 8929608
6281439 19 8929608 6281438
6281440 20 6618461 6281439
6281441 21 4781267 6281440
6281442 22 3728787 6281441
6281443 23 4133367 6281442
3278429 13 0 62484
423169 14 3278429 0
2739903 15 459537 423169
5524933 19 459537 2739903
6010387 14 3278429 4524058
6010388 15 459537 6010387
3388127 20 5524933 6010388
8439889 21 3388127 6010388
9150654 13 7391394 459537
9150655 14 7391394 9150654
9349339 14 1923090 4524058
9349340 15 9150655 9349339
334655 22 8439889 9349340
443221 13 5047145 0
652153 14 5047145 443221
750478 15 652153 1923091
2190269 22 750478 0
2190270 23 334655 2190269
2190271 24 6281443 2190270
2190272 30 6545176 2190271
2190273 29 3196634 2190272
32 15 0 1
633879 17 0 32
633880 18 633879 0
633881 19 633880 0
2109310 15 0 3109727
3447144 17 2109310 0
3447145 18 3447144 0
3447146 19 0 3447145
3447147 20 633881 3447146
3546503 10 3109727 1
3655568 11 3546503 1
7547 6 13 0
7548 7 7547 0
7549 8 7548 0
7550 9 7549 0
3712666 10 7550 1
3821469 11 3712666 1
3821470 12 3655568 3821469
3884053 10 464 1
3992855 11 3884053 1
4154659 12 3992855 3821469
4154660 13 3821470 4154659
4525590 12 1 3821469
4850847 12 572180 3821469
4850848 13 4525590 4850847
4850849 14 4154660 4850848
5097623 11 3712666 22
5097624 12 572180 5097623
5297844 12 22 5097623
5297845 13 5097624 5297844
5544405 12 3053954 5097623
5739990 13 5544405 5297844
5739991 14 5297845 5739990
5739992 15 4850849 5739991
8475196 13 4525590 4154659
9076362 14 8475196 4850847
9948736 15 9076362 5739991
2309359 17 5739992 9948736
8659947 14 5297845 5297844
8659948 15 4850849 8659947
9901074 14 8475196 4850848
901516 15 9901074 5739991
901517 16 8659948 901516
901518 17 5739992 901517
901519 18 2309359 901518
2261178 14 4154660 4850847
3122784 15 2261178 8659947
5742261 13 4850847 4154659
6335189 14 5742261 4850847
7159422 15 6335189 8659947
9093139 17 3122784 7159422
7109452 18 9093139 7159422
7109453 19 901519 7109452
9271086 20 7109453 7109452
9271087 21 3447147 9271086
2043294 15 9901074 8659947
4225137 16 2043294 9948736
4225138 17 5739992 4225137
9725077 14 5742261 4850848
631131 15 9725077 8659947
2927936 15 9725077 5739991
2927937 16 631131 2927936
2927938 17 5739992 2927937
2927939 18 4225138 2927938
8948750 19 2927939 7109452
1382763 20 8948750 7109452
1382764 21 3447147 1382763
1382765 22 9271087 1382764
6187727 15 9076362 8659947
6187728 16 901516 6187727
6187729 17 5739992 6187728
4936069 18 6187729 901518
965294 19 4936069 7109452
3362476 20 965294 7109452
3362477 21 3447147 3362476
3362478 22 0 3362477
3362479 23 1382765 3362478
46 22 0 1
1129747 23 1 46
1129748 24 3362479 1129747
1675947 13 62484 0
1675948 14 1675947 0
1675949 15 1675948 0
1675950 16 0 1675949
1770072 17 1675950 1675949
1950239 18 1770072 1675949
2294248 19 1950239 1675949
2951086 12 3108224 0
3063973 12 3108224 1763756
3063974 13 2951086 3063973
3226846 13 3108224 1763757
3226847 14 3063974 3226846
3278430 14 0 3278429
3278431 15 3226847 3278430
3535769 12 24 3108224
3535770 13 3535769 0
3535771 14 2951086 3535770
3643296 13 0 1763756
3799085 13 1763756 62484
3799086 14 3643296 3799085
3799087 15 3535771 3799086
3799088 16 3278431 3799087
3172558 13 3108224 0
3989594 14 2951086 3172558
4037727 15 3989594 3278430
4272388 17 3799088 4037727
5170720 18 4272388 4037727
6888363 19 5170720 4037727
7148487 13 1763757 62484
7148488 14 0 7148487
7148489 15 3989594 7148488
7368690 16 7148489 4037727
7798845 17 7368690 4037727
8638690 18 7798845 4037727
370942 19 8638690 4037727
370943 20 6888363 370942
370944 21 2294248 370943
423170 15 423169 0
2196212 12 0 25
2196213 13 1628109 2196212
2298639 13 1628109 62484
2298640 14 2196213 2298639
2298641 15 3226847 2298640
2814810 12 1763756 4980854
2814811 13 1628109 2814810
2973558 12 1763756 23
3023735 13 2973558 62484
3023736 14 2814811 3023735
3023737 15 3535771 3023736
3023738 16 2298641 3023737
3448281 15 3989594 2298640
3867163 17 3023738 3448281
5480489 18 3867163 3448281
8568603 19 5480489 3448281
2859912 15 3989594 3023736
2859913 16 3448281 2859912
3670083 17 2859913 3448281
5218636 18 3670083 3448281
5218637 19 3448281 5218636
5218638 20 8568603 5218637
5218639 21 423170 5218638
5218640 22 370944 5218639
2493278 12 1763756 0
5843389 13 2973558 2493278
5843390 14 2196213 5843389
5843391 15 3226847 5843390
836 13 1628109 0
6361586 14 2814811 836
6361587 15 3535771 6361586
6361588 16 5843391 6361587
837 14 2196213 836
838 15 3989594 837
7074383 17 6361588 838
8442699 18 7074383 838
1332819 19 8442699 838
6767534 20 1332819 838
6767535 21 0 6767534
7016395 13 2951086 4132341
7280622 14 7016395 4391455
7606298 13 4603458 1763756
7766070 13 1763756 2493278
7766071 14 7606298 7766070
7766072 15 7280622 7766071
7954516 13 2951086 5419716
8147060 14 7954516 4343319
8348813 13 236712 1763756
8348814 14 8348813 0
8348815 15 8147060 8348814
8348816 16 7766072 8348815
8246397 14 7121871 0
8246398 15 8147060 8246397
9263433 17 8348816 8246398
1191209 18 9263433 8246398
4724881 19 1191209 8246398
5625123 13 236712 1763757
5625124 14 5625123 0
5625125 15 8147060 5625124
5625126 16 8246398 5625125
6505887 17 5625126 8246398
8202681 18 6505887 8246398
8778298 14 7121871 7766070
8778299 15 8147060 8778298
9320078 16 8778299 8348815
245696 17 9320078 8246398
2151309 18 245696 8246398
2151310 19 8202681 2151309
2151311 20 4724881 2151310
2151312 21 0 2151311
2151313 22 6767535 2151312
2151314 23 5218640 2151313
4596043 13 7070028 235506
4596044 14 9165307 4596043
26 12 0 1
4803952 13 26 0
4803953 14 4803952 0
4803954 15 4596044 4803953
7584578 19 5193546 4803954
8060816 14 4803952 4524058
8060817 15 4596044 8060816
5477990 20 7584578 8060817
594048 21 5477990 8060817
919725 13 459537 8753147
1130702 13 235506 7645289
1130703 14 919725 1130702
1235176 13 0 7070028
1556762 14 1235176 8008958
1556763 15 1130703 1556762
2642602 22 594048 1556763
3443533 14 7070028 5576280
3443534 15 7070028 3443533
6480442 22 3443534 3196630
6480443 23 2642602 6480442
6480444 24 2151314 6480443
6480445 30 1129748 6480444
4132105 13 2951086 6068331
4288877 14 4132105 3535770
4549415 15 4288877 3799086
4549416 16 3278431 4549415
5021717 17 4549416 4037727
5918432 18 5021717 4037727
7631516 19 5918432 4037727
1195699 20 7631516 370942
1195700 21 0 1195699
2894817 13 0 235506
2942961 14 2894817 3278429
2942962 15 3226847 2942961
3304528 13 3535769 2493278
3304529 14 4132105 3304528
3463299 13 0 7745788
3619017 14 3463299 3799085
3619018 15 3304529 3619017
3619019 16 2942962 3619018
3894546 15 3989594 2942961
4167246 17 3619019 3894546
5224269 18 4167246 3894546
7261687 19 5224269 3894546
7562794 14 2894817 7148487
7562795 15 3989594 7562794
7827041 16 7562795 3894546
8343232 17 7827041 3894546
9351089 18 8343232 3894546
50967 15 3989594 3619017
50968 16 3894546 50967
670194 17 50968 3894546
1763259 18 670194 3894546
1763260 19 9351089 1763259
1763261 20 7261687 1763260
1763262 21 423170 1763261
1763263 22 1195700 1763262
2326547 13 7745788 62484
2326548 14 2894817 2326547
2326549 15 3226847 2326548
2882895 14 3463299 4781265
2882896 15 4288877 2882895
2882897 16 2326549 2882896
3199421 14 2894817 4781265
3199422 15 3989594 3199421
3516953 17 2882897 3199422
4749118 18 3516953 3199422
7118324 19 4749118 3199422
1975385 20 7118324 3199422
1975386 21 0 1975385
5663639 14 7229433 2326547
5663640 15 7280622 5663639
6354944 14 8348813 4781265
6354945 15 8147060 6354944
6354946 16 5663640 6354945
6909501 15 8147060 8929607
7462579 17 6354946 6909501
9598064 18 7462579 6909501
4049971 19 9598064 6909501
8732963 14 7121871 2326547
8732964 15 8147060 8732963
9375132 16 8732964 6354945
529126 17 9375132 6909501
2777536 18 529126 6909501
2777537 19 6909501 2777536
2777538 20 4049971 2777537
2777539 21 4781267 2777538
2777540 22 1975386 2777539
2777541 23 1763263 2777540
2884030 13 0 459537
2884031 14 0 2884030
3082749 14 4343319 0
3082750 15 2884031 3082749
4953054 19 0 3082750
5307428 14 4343319 4524058
5307429 15 2884031 5307428
516104 20 4953054 5307429
1435690 21 516104 5307429
1942659 14 0 4524058
1942660 15 459537 1942659
8959762 22 1435690 1942660
8959763 23 8959762 0
8959764 24 2777541 8959763
8959765 30 0 8959764
8959766 29 6480445 8959765
8959767 28 2190273 8959766
8959768 27 8250040 8959767
8959769 26 4375348 8959768
8959770 25 3578074 8959769
1157493 28 0 1146784
6355633 21 8490363 6596659
6355634 22 8432647 6355633
4218403 23 6355634 3437075
4218404 24 4218403 0
7350055 16 6596659 6668513
7613508 17 7350055 6668513
8127887 18 7613508 6668513
9131633 19 8127887 6668513
1242450 20 9131633 6668513
5174110 21 1242450 6668513
5174111 22 2253137 5174110
3685891 23 5174111 3160822
901440 30 3685891 0
9063240 29 4218404 901440
51 24 1 0
4664114 30 0 51
3878891 15 2255589 92828
4279875 16 0 3878891
4279876 17 3878891 4279875
3878892 16 3878891 0
4348432 17 3878892 3878891
4348433 18 4279876 4348432
4482683 18 4348432 4279876
4482684 19 4348433 4482683
4482685 20 3878891 4482684
4482686 21 0 4482685
4482687 22 9630992 4482686
4482688 23 4826626 4482687
4676212 15 8355809 2255587
4857599 16 4676212 2255587
5211363 17 4857599 2255587
5900818 18 5211363 2255587
7193577 19 5900818 2255587
9642643 20 7193577 2255587
5005919 21 9642643 2255587
5173952 15 4675563 6599268
5331671 16 5173952 6599268
5633901 17 5331671 6599268
6221765 18 5633901 6599268
7368860 19 6221765 6599268
9605768 20 7368860 6599268
4297026 21 9605768 6599268
4297027 22 5005919 4297026
3384223 22 4297026 0
3384224 23 4297027 3384223
3384225 24 4482688 3384224
7583844 10 1208369 0
7583845 11 7583844 0
7586735 12 7583845 2255589
7592449 13 7586735 2255589
7603683 14 7592449 2255589
7670380 16 7603683 2255589
7754807 17 7670380 2255589
7919532 18 7754807 2255589
8240488 19 7919532 2255589
8855852 20 8240488 2255589
8868793 11 2255588 3885117
8871614 12 8868793 2255589
8877127 13 8871614 2255589
8877128 14 2255589 8877127
8879753 15 8877128 92828
9293890 16 356705 8879753
9293891 17 8879753 9293890
9318309 16 8879753 356705
9365815 17 9318309 8879753
9365816 18 9293891 9365815
9506507 18 9365815 9293891
9506508 19 9365816 9506507
9506509 20 8879753 9506508
9506510 21 8855852 9506509
142954 22 9506510 4482686
142955 23 4826626 142954
161199 11 1208369 2255587
175090 12 161199 2255587
202036 13 175090 2255587
254119 14 202036 2255587
356225 15 254119 2255587
551665 16 356225 2255587
926237 17 551665 2255587
1645531 18 926237 2255587
3019070 19 1645531 2255587
5638296 20 3019070 2255587
766392 21 5638296 2255587
4165650 2 3109359 1
769725 3 3109360 4165650
769726 4 1 769725
769727 5 0 769726
769728 6 769727 0
771278 7 769728 8490360
771279 8 8487549 771278
771280 9 0 771279
775906 10 771280 8490363
781652 11 775906 6599268
792833 12 781652 6599268
814762 13 792833 6599268
857754 14 814762 6599268
941969 15 857754 6599268
1106840 16 941969 6599268
1429475 17 1106840 6599268
2046125 18 1429475 6599268
3236434 19 2046125 6599268
5516651 20 3236434 6599268
9861772 21 5516651 6599268
9861773 22 766392 9861772
450631 22 766392 0
450632 23 9861773 450631
450633 24 142955 450632
450634 30 3384225 450633
450635 29 4664114 450634
450636 28 9063240 450635
450637 27 1157493 450636
6199298 21 0 528
6199299 22 6199298 0
6199300 23 6199299 0
2066 5 1823 0
2067 6 2066 0
1027 5 0 1823
4915 6 0 1027
6199375 7 2067 4915
6199482 7 0 2066
6199483 8 6199375 6199482
6199484 9 6199483 0
6199695 8 2066 0
6199696 9 6199695 0
6199697 10 6199484 6199696
6199698 11 6199697 0
4003 6 1027 0
4004 7 0 4003
6200505 12 6199698 4004
6200506 13 0 6200505
6200507 14 6200506 0
6200508 15 6200507 0
6200509 16 0 6200508
6200510 17 0 6200509
6200511 18 6200510 0
6200512 19 6200511 0
6205975 6 1 12
6205976 7 6205975 0
17 7 1 0
6213258 8 6205976 17
6216946 7 12 0
6222297 8 6216946 6205976
6222298 9 6213258 6222297
6248652 9 17 6213258
6248653 10 6222298 6248652
6303566 11 6248653 17
6315734 6 12 1
6315735 7 1 6315734
6330100 8 6315735 1
6356648 8 1 6315735
6356649 9 6330100 6356648
6409956 9 6330100 1
6409957 10 6356649 6409956
6520135 11 6409957 1
6520136 12 6303566 6520135
6944009 13 6520136 1
7673931 7 1 6205975
7713975 9 7673931 1
7768364 10 7713975 1
7768365 11 1 7768364
7768366 12 1 7768365
7768367 13 1 7768366
7768368 14 6944009 7768367
9363021 15 7768368 1
9366277 6 13 12
9368071 7 9366277 1204505
9371623 7 1208366 1204505
9371624 8 9368071 9371623
9376781 7 12 1204505
9385526 7 6205975 13
9385527 8 9376781 9385526
9385528 9 9371624 9385527
9394269 7 6315734 13
9404681 7 1 13
9404682 8 9394269 9404681
9411537 7 6315734 1204505
9420216 7 1 1204505
9420217 8 9411537 9420216
9420218 9 9404682 9420217
9420219 10 9385528 9420218
14 6 0 1
9427070 7 12 14
9449431 7 6315734 14
9449432 8 9427070 9449431
9449433 9 9427070 9449432
9461389 7 6315734 1
9497285 10 9449433 9461389
9497286 11 9420219 9497285
9504162 7 7547 6315734
9512929 7 7547 1
9512930 8 9504162 9512929
16 7 0 1
9526883 9 9512930 16
9532157 7 0 6315734
9539070 8 9532157 16
9552641 9 9539070 16
9552642 10 9526883 9552641
9561406 7 1208366 1
9620304 11 9552642 9561406
9620305 12 9497286 9620304
9654743 8 16 1
9654744 9 18 9654743
9773680 7 6205975 1
9773681 8 9561406 9773680
9804588 7 14 1
9818420 8 9804588 1
9842169 10 9773681 9818420
9935362 11 9842169 9818420
9935363 12 9654744 9935362
9935364 13 9620305 9935363
726802 10 6409956 1
808485 8 7673931 1
837675 9 808485 1
837676 10 7713975 837675
837677 11 726802 837676
837678 12 1 837677
837679 13 1 837678
837680 14 9935364 837679
2501100 15 837680 1
2501101 16 9363021 2501100
2528187 8 9461389 1
2556348 9 2528187 1
2611658 10 2556348 1
2720222 11 2611658 1
3349532 13 2720222 1
4154051 14 3349532 1
5727335 15 4154051 1
5828377 9 9461389 1
5828378 10 1 5828377
5934900 11 5828378 1
6143861 12 5934900 1
6553590 13 6143861 1
7341668 14 6553590 1
8882117 15 7341668 1
8882118 16 5727335 8882117
8882119 17 2501101 8882118
8977457 8 1 9461389
8977458 9 1 8977457
8977459 10 1 8977458
9081946 11 8977459 1
9286830 12 9081946 1
9688376 13 9286830 1
557275 14 9688376 1
2231900 15 557275 1
5401382 16 2231900 1
1678777 17 5401382 1
1678778 18 8882119 1678777
1887339 7 1208366 9366277
1901678 8 1887339 1
1914449 7 3299832 1
1928793 8 1914449 1
1928794 9 1901678 1928793
1984107 10 1928794 1
2092660 11 1984107 1
2092661 12 1 2092660
2108752 8 9561406 16
2126920 8 16 9804588
2126921 9 2108752 2126920
2182225 10 2126921 1
2290805 11 2182225 1
2503864 12 2290805 1
2503865 13 2092661 2503864
2527466 8 9804588 9461389
2534728 7 1206450 6315734
2549065 8 2534728 1
2549066 9 2527466 2549065
2603575 9 1 2528187
2603576 10 2549066 2603575
2712141 11 2603576 1
2736207 8 1 9804588
2761051 8 9461389 1914449
2761052 9 2736207 2761051
2766425 7 7547 9366277
2106928 7 0 1844
2771802 8 2766425 2106928
2796704 9 2771802 9818420
2796705 10 2761052 2796704
2905274 11 2796705 1
2905275 12 2712141 2905274
3230599 10 1 2556348
3339157 11 3230599 1
3339158 12 2720222 3339157
3339159 13 2905275 3339158
3339160 14 2503865 3339159
2516459 7 1206450 0
3649374 8 1 2516459
3656481 7 1204505 1844
3660094 7 0 12
3660095 8 3656481 3660094
3660096 9 3649374 3660095
3696142 7 9366277 6205975
3710224 8 3696142 1
3710225 9 1 3710224
3710226 10 3660096 3710225
3710227 11 1 3710226
3710228 12 1 3710227
3760026 9 1 9461389
3804963 9 2126920 1
3804964 10 3760026 3804963
3911507 11 3804964 1
4120434 12 3911507 1
4120435 13 3710228 4120434
4130989 7 12 1
4143319 8 4130989 1914449
4170979 9 4143319 1
4225266 10 4170979 1
1905297 7 13 0
4235702 8 1905297 16
1908976 7 3299832 7547
4256537 8 1 1908976
4256538 9 4235702 4256537
4272257 8 1905297 9461389
4299917 9 4272257 1
4299918 10 4256538 4299917
4299919 11 4225266 4299918
2518314 6 12 13
4308523 7 3299832 2518314
4322607 8 4308523 1
4350264 9 4322607 1
4404560 10 4350264 1
4511084 11 4404560 1
4511085 12 4299919 4511084
4563764 9 8977457 1
4618060 10 4563764 1
4724589 11 4618060 1
4933535 12 4724589 1
4933536 13 4511085 4933535
4933537 14 4120435 4933536
4933538 15 3339160 4933537
8014080 16 4933538 1
8417227 12 2720222 1
8819162 13 8417227 1
9606649 14 8819162 1
1311056 15 9606649 1
2161354 7 14 7547
2175692 8 2161354 1
2175693 9 1 2175692
2228533 9 2736207 1
2228534 10 2175693 2228533
2337134 11 2228534 1
2550175 12 2337134 1
2968079 13 2550175 1
2968080 14 1 2968079
3323063 7 0 14
3330477 7 1208366 3299832
3330478 8 3323063 3330477
3341483 7 2518314 1
3355834 8 3341483 1
3355835 9 3330478 3355834
3355836 10 1 3355835
3355837 11 1 3355836
3355838 12 1 3355837
3765747 13 3355838 1
3990672 8 1844 1
3997716 7 2518314 14
4008277 8 3997716 9804588
4008278 9 3990672 4008277
4057174 9 9654743 1
4057175 10 4008278 4057174
4110430 11 4057175 23
4110431 12 1 4110430
4154662 9 2528187 9561406
4208954 10 4154662 1
4210738 8 0 2255585
4210739 9 0 4210738
4210740 10 4210739 0
4210741 11 4208954 4210740
4419718 12 4210741 1
4419719 13 4110431 4419718
4419720 14 3765747 4419719
4419721 15 2968080 4419720
4419722 16 1311056 4419721
4419723 17 8014080 4419722
4429694 7 6315734 3299832
4443781 8 4429694 1
4471433 9 4443781 1
4525728 10 4471433 1
4632258 11 4525728 1
4648000 8 9804588 2106928
4672804 9 4648000 1914449
4727097 10 4672804 1
4833619 11 4727097 1
4833620 12 4632258 4833619
4853006 8 9561406 4130989
4878928 9 4853006 2528187
4930686 8 4130989 1
4930687 9 1 4930686
4930688 10 4878928 4930687
5037207 11 4930688 1
5250155 12 5037207 2720222
5250156 13 4833620 5250155
5293295 8 1 16
5293296 9 2527466 5293295
5347650 10 5293296 1
5454169 11 5347650 1
5476729 8 1914449 9804588
5499433 8 3341483 9461389
5499434 9 5476729 5499433
5552463 10 5499434 2603575
5658996 11 5552463 1
5658997 12 5454169 5658996
5683253 8 6315734 1
5710906 9 5683253 1
5765198 10 5710906 1
5871716 11 5765198 1
6080644 12 5871716 1
6080645 13 5658997 6080644
6080646 14 5250156 6080645
6482579 11 1 4618060
6482580 12 1 6482579
6567046 9 2527466 18
6567047 10 3760026 6567046
6671530 11 6567047 1
6876363 12 6671530 1
6876364 13 6482580 6876363
6988962 8 16 3323063
4851214 7 12 1844
7011139 8 1 4851214
7011140 9 6988962 7011139
20 9 0 1
7038276 10 7011140 20
7038277 11 4225266 7038276
7046945 7 9366277 1844
7060770 8 7046945 1
7087912 9 7060770 1
7141173 10 7087912 1
7245650 11 7141173 1
7245651 12 7038277 7245650
7256917 7 1844 1
7269019 8 7256917 9461389
7285981 9 7269019 9561406
7329922 9 9561406 1
7329923 10 7285981 7329922
7434392 11 7329923 1
7639243 12 7434392 1
7639244 13 7245651 7639243
7639245 14 6876364 7639244
7639246 15 6080646 7639245
7876448 9 4930686 1928793
7929710 10 7876448 1
8034178 11 7929710 1
8034179 12 1 8034178
8055846 8 9561406 1
8082986 9 8055846 1
8136242 10 8082986 1
8240707 11 8136242 1
8445583 12 8240707 1
8445584 13 8034179 8445583
8495933 9 9818420 1
8549256 10 8495933 1
8653727 11 8549256 1
8701970 9 2736207 2528187
8753565 10 8701970 2603575
8858023 11 8753565 1
8858024 12 8653727 8858023
9265658 13 8858024 8417227
9265659 14 8445584 9265658
9746423 10 3760026 4563764
9850892 11 9746423 1
69897 12 9850892 1
69898 13 6482580 69897
317651 7 3299832 1844
332765 8 317651 1
362471 9 332765 1
420862 10 362471 1
534455 11 420862 1
534456 12 2720222 534455
580271 9 8977457 9561406
637635 10 580271 1
750310 11 637635 1
973218 12 750310 1
973219 13 534456 973218
973220 14 69898 973219
973221 15 9265659 973220
973222 16 7639246 973221
1210485 8 9804588 9561406
1237588 8 1 1914449
1237589 9 1210485 1237588
1293929 10 1237589 1
1404541 11 1293929 1
1404542 12 1 1404541
1459008 9 4930686 1
1515336 10 1459008 1
1625962 11 1515336 1
1841976 12 1625962 1
1841977 13 1404542 1841976
1892667 9 2527466 1
1947991 10 1892667 1
2056551 11 1947991 1
2269752 12 2056551 8858023
2690315 13 2269752 8417227
2690316 14 1841977 2690315
3528688 13 1 69897
3701384 8 9420216 1
3729043 9 3701384 1
3729044 10 1 3729043
3729045 11 1515336 3729044
3739540 7 6205975 1844
3753622 8 3739540 1
3781273 9 3753622 1
3835562 10 3781273 1
3942107 11 3835562 1
3942108 12 3729045 3942107
4352060 13 3942108 1
4352061 14 3528688 4352060
4352062 15 2690316 4352061
7169511 9 1 9654743
7222766 10 7169511 1
7327256 11 7222766 1
7532110 12 7327256 1
7532111 13 1 7532110
7532112 14 1 7532111
7532113 15 1 7532112
7532114 16 4352062 7532113
7532115 17 973222 7532114
7532116 18 4419723 7532115
7532117 19 1678778 7532116
7532118 20 6200512 7532117
7535214 6 3109727 0
7533620 6 8487547 0
7536755 7 7535214 7533620
7536756 8 7536755 0
7535215 7 7535214 0
7535216 8 7535215 0
7539725 9 7536756 7535216
7539726 10 0 7539725
7539727 11 7539726 0
7539728 12 7539727 0
7539729 13 7539728 0
7539730 14 7539729 0
7539731 15 7539730 0
7539732 16 7539731 0
7535217 9 7535216 0
7535218 10 0 7535217
7535219 11 7535218 0
7535220 12 7535219 0
7535221 13 7535220 0
7542360 14 0 7535221
7543781 8 8487549 0
7543782 9 7543781 0
7543783 10 7543782 0
7543784 11 7543783 0
7543785 12 0 7543784
7543786 13 7543785 0
7543787 14 0 7543786
7543788 15 7542360 7543787
7543789 16 0 7543788
7543790 17 7539732 7543789
7543791 18 7543790 0
7543792 19 0 7543791
7543793 20 0 7543792
7543794 21 7532118 7543793
7543795 22 7543794 0
7543796 23 7543795 0
7543797 24 6199300 7543796
7543798 30 1 7543797
7543799 29 7543798 63
7543800 28 0 7543799
6338483 16 5831044 2255587
6708201 17 6338483 2255587
7421647 18 6708201 2255587
8790632 19 7421647 2255587
1579551 20 8790632 2255587
6717763 21 1579551 2255587
7713553 23 6717763 2255587
9252127 30 7713553 0
9252128 29 0 9252127
3938327 23 5005919 0
3938328 24 2460044 3938327
265681 23 766392 0
265682 24 2460044 265681
265683 30 3938328 265682
265684 29 0 265683
265685 28 9252128 265684
265686 27 7543800 265685
265687 26 450637 265686
9632157 15 1131 713633
1170634 22 5899031 9632157
7515453 23 1170634 3109727
623742 22 0 3109727
7229539 22 0 7437147
7229540 23 623742 7229539
7229541 24 7515453 7229540
9014301 23 623742 0
3530836 24 7515453 9014301
3530837 30 7229541 3530836
5811753 23 1170634 0
9014302 24 5811753 9014301
2708356 15 230976 2562694
9432386 22 3790522 2708356
5946100 23 9432386 3109727
5946101 24 5946100 0
5946102 30 9014302 5946101
5946103 29 3530837 5946102
5946104 28 0 5946103
4165217 2 1 3109359
4165651 3 4165217 4165650
4165652 4 1 4165651
4165653 5 1131 4165652
4168733 6 4165653 1131
4168734 7 1131 4168733
4180618 8 4168734 1131
4180619 9 1131 4180618
4226426 10 4180619 1131
4316307 11 4226426 1131
4360382 12 4316307 8181478
4576433 13 4360382 8354284
4576434 14 8354284 4576433
5405490 15 4576434 8354284
4511074 21 3109727 5405490
1268829 22 4511074 7437147
7793139 23 1268829 7437148
7793140 24 3109727 7793139
8896648 21 3109727 8354284
5737237 22 8896648 7437147
2296375 23 5737237 7437148
2296376 24 3109727 2296375
2296377 30 7793140 2296376
2602388 21 3109727 22074
9168045 22 2602388 7437147
5892864 23 9168045 7437148
5892865 24 3109727 5892864
806003 21 230976 3109727
2350756 24 806003 5892864
2350757 30 5892865 2350756
2350758 29 2296377 2350757
334820 22 3109727 501280
6986537 21 0 3109727
8664217 22 6986537 501280
8664218 23 334820 8664217
8664219 24 789958 8664218
7682719 12 3109727 2042788
7682720 13 7682719 0
7682721 14 7682720 0
7682722 15 7682721 0
7684268 8 0 6599266
7684269 9 0 7684268
7685698 11 7684269 0
7685699 12 7685698 0
7685700 13 7685699 0
7685701 14 0 7685700
7685702 15 7685701 0
7685703 16 7682722 7685702
7685704 17 7685703 0
7685705 18 7685704 0
7685706 19 7685705 0
7685707 20 7685706 0
7685708 21 7685707 0
7685709 22 3560691 7685708
7685710 23 1963056 7685709
7685711 24 7685710 0
7685712 30 8664219 7685711
1576949 29 7685712 8971012
1576950 28 2350758 1576949
1576951 27 5946104 1576950
2024 5 528 0
2025 6 0 2024
10612 7 2025 0
2026 7 0 2025
7543858 8 10612 2026
7543859 9 0 7543858
7543860 10 7543859 0
7543861 11 7543860 0
7543862 12 7543861 0
7543863 13 7543862 0
7543864 14 7543863 0
7543865 15 7543864 0
7543866 16 0 7543865
7543867 17 0 7543866
7543868 18 0 7543867
7543869 19 0 7543868
7543870 20 0 7543869
7543871 21 7543870 0
7544015 22 7543870 7543871
7544016 23 7544015 0
7544017 24 7544016 0
7544018 30 1 7544017
7544019 29 7544018 63
7544020 28 0 7544019
324113 21 33 0
324114 22 324113 0
324115 23 324114 0
324116 24 324115 0
324117 30 0 324116
324118 29 324117 0
36 17 0 1
5114318 18 36 0
5114319 19 5114318 0
639361 17 3109727 0
639362 18 639361 0
639363 19 0 639362
639364 20 5114319 639363
785126 14 879677 0
785127 15 785126 0
832370 17 833110 785127
728972 17 833110 0
909443 18 832370 728972
728973 18 728972 0
982922 19 909443 728973
1124529 20 982922 728973
1124530 21 639364 1124529
3436500 16 833110 785127
3436501 17 833110 3436500
3436502 18 832370 3436501
3509106 19 3436502 728973
3649810 20 3509106 728973
3649811 21 639364 3649810
3649812 22 1124530 3649811
3732383 17 0 3436500
3732384 18 0 3732383
3732385 19 0 3732384
3732386 20 3732385 0
3732387 21 0 3732386
6135829 22 3732387 3649811
6135830 23 3649812 6135829
6135831 24 6135830 0
6135832 30 6135831 0
6135833 29 6135832 0
324119 28 324118 6135833
7544021 27 7544020 324119
1576952 26 1576951 7544021
265688 25 265687 1576952
265689 31 8959770 265688
